Devon Dotson,SO,2019-20,G,Kansas,Big 12,28,972,171,362,136,247,35,115,132,161,17,92,109,113,58,3,66,49,509,34.7,6.1,12.9,4.9,8.8,1.3,4.1,4.7,5.8,0.6,3.3,3.9,4.0,2.1,0.1,2.4,1.8,18.2
Udoka Azubuike,SR,2019-20,C,Kansas,Big 12,29,795,162,219,162,219,0,0,56,124,95,204,299,27,15,74,68,70,380,27.4,5.6,7.6,5.6,7.6,0.0,0.0,1.9,4.3,3.3,7.0,10.3,0.9,0.5,2.6,2.3,2.4,13.1
Ochai Agbaji,SO,2019-20,G,Kansas,Big 12,29,965,106,249,62,119,44,130,33,49,32,89,121,61,38,8,55,56,289,33.3,3.7,8.6,2.1,4.1,1.5,4.5,1.1,1.7,1.1,3.1,4.2,2.1,1.3,0.3,1.9,1.9,10.0
Marcus Garrett,JR,2019-20,G,Kansas,Big 12,29,932,99,226,82,175,17,51,52,85,14,114,128,137,53,8,52,69,267,32.1,3.4,7.8,2.8,6.0,0.6,1.8,1.8,2.9,0.5,3.9,4.4,4.7,1.8,0.3,1.8,2.4,9.2
Isaiah Moss,SR,2019-20,G,Kansas,Big 12,28,673,76,189,29,60,47,129,31,34,8,53,61,15,12,1,23,35,230,24.0,2.7,6.8,1.0,2.1,1.7,4.6,1.1,1.2,0.3,1.9,2.2,0.5,0.4,0.0,0.8,1.3,8.2
Filip Petrusev,SO,2019-20,F,Gonzaga,WCC,31,804,200,354,198,343,2,11,150,228,73,168,241,40,20,25,67,54,552,25.9,6.5,11.4,6.4,11.1,0.1,0.4,4.8,7.4,2.4,5.4,7.8,1.3,0.6,0.8,2.2,1.7,17.8
Corey Kispert,JR,2019-20,F,Gonzaga,WCC,31,1020,151,313,74,139,77,174,63,77,30,96,126,66,29,11,44,53,442,32.9,4.9,10.1,2.4,4.5,2.5,5.6,2.0,2.5,1.0,3.1,4.1,2.1,0.9,0.4,1.4,1.7,14.3
Admon Gilder,SR,2019-20,G,Gonzaga,WCC,31,797,110,259,66,141,44,118,68,89,23,69,92,64,36,9,30,53,332,25.7,3.5,8.4,2.1,4.5,1.4,3.8,2.2,2.9,0.7,2.2,3.0,2.1,1.2,0.3,1.0,1.7,10.7
Joel Ayayi,SO,2019-20,G,Gonzaga,WCC,31,898,118,243,79,132,39,111,45,55,43,150,193,104,39,7,48,68,320,29.0,3.8,7.8,2.5,4.3,1.3,3.6,1.5,1.8,1.4,4.8,6.2,3.4,1.3,0.2,1.5,2.2,10.3
Ryan Woolridge,SR,2019-20,G,Gonzaga,WCC,31,1015,117,223,87,151,30,72,50,81,22,120,142,138,46,7,68,27,314,32.7,3.8,7.2,2.8,4.9,1.0,2.3,1.6,2.6,0.7,3.9,4.6,4.5,1.5,0.2,2.2,0.9,10.1
Killian Tillie,SR,2019-20,F,Gonzaga,WCC,22,535,114,212,80,129,34,83,37,51,26,83,109,44,20,18,22,55,299,24.3,5.2,9.6,3.6,5.9,1.5,3.8,1.7,2.3,1.2,3.8,5.0,2.0,0.9,0.8,1.0,2.5,13.6
Drew Timme,FR,2019-20,F,Gonzaga,WCC,31,638,117,194,116,191,1,3,62,102,63,109,172,43,17,31,39,86,297,20.6,3.8,6.3,3.7,6.2,0.0,0.1,2.0,3.3,2.0,3.5,5.5,1.4,0.5,1.0,1.3,2.8,9.6
Vernon Carey Jr.,FR,2019-20,C,Duke,ACC,29,718,187,325,179,305,8,20,128,196,80,175,255,29,20,46,60,78,510,24.8,6.4,11.2,6.2,10.5,0.3,0.7,4.4,6.8,2.8,6.0,8.8,1.0,0.7,1.6,2.1,2.7,17.6
Tre Jones,SO,2019-20,G,Duke,ACC,27,949,154,356,120,258,34,98,93,124,17,100,117,170,47,8,73,46,435,35.1,5.7,13.2,4.4,9.6,1.3,3.6,3.4,4.6,0.6,3.7,4.3,6.3,1.7,0.3,2.7,1.7,16.1
Cassius Stanley,FR,2019-20,G,Duke,ACC,27,727,115,242,87,165,28,77,69,96,49,80,129,28,20,19,49,60,327,26.9,4.3,9.0,3.2,6.1,1.0,2.9,2.6,3.6,1.8,3.0,4.8,1.0,0.7,0.7,1.8,2.2,12.1
Matthew Hurt,FR,2019-20,F,Duke,ACC,29,616,107,220,65,115,42,105,39,53,44,68,112,26,14,23,26,56,295,21.2,3.7,7.6,2.2,4.0,1.4,3.6,1.3,1.8,1.5,2.3,3.9,0.9,0.5,0.8,0.9,1.9,10.2
Wendell Moore Jr.,FR,2019-20,F,Duke,ACC,23,551,60,144,56,126,4,18,48,61,37,58,95,44,22,6,57,51,172,24.0,2.6,6.3,2.4,5.5,0.2,0.8,2.1,2.7,1.6,2.5,4.1,1.9,1.0,0.3,2.5,2.2,7.5
Jordan Goldwire,JR,2019-20,G,Duke,ACC,29,685,53,110,37,66,16,44,11,18,18,51,69,63,44,5,25,45,133,23.6,1.8,3.8,1.3,2.3,0.6,1.5,0.4,0.6,0.6,1.8,2.4,2.2,1.5,0.2,0.9,1.6,4.6
Cassius Winston,SR,2019-20,G,Michigan State,Big Ten,28,905,170,392,102,232,68,160,109,126,6,64,70,163,34,1,92,55,517,32.3,6.1,14.0,3.6,8.3,2.4,5.7,3.9,4.5,0.2,2.3,2.5,5.8,1.2,0.0,3.3,2.0,18.5
Xavier Tillman,JR,2019-20,F,Michigan State,Big Ten,29,922,149,277,136,229,13,48,76,115,76,220,296,87,35,61,55,74,387,31.8,5.1,9.6,4.7,7.9,0.4,1.7,2.6,4.0,2.6,7.6,10.2,3.0,1.2,2.1,1.9,2.6,13.3
Aaron Henry,SO,2019-20,F,Michigan State,Big Ten,28,810,102,233,73,149,29,84,43,60,27,99,126,80,23,15,61,45,276,28.9,3.6,8.3,2.6,5.3,1.0,3.0,1.5,2.1,1.0,3.5,4.5,2.9,0.8,0.5,2.2,1.6,9.9
Rocket Watts,FR,2019-20,G,Michigan State,Big Ten,25,535,80,206,52,105,28,101,19,25,4,50,54,44,13,0,36,42,207,21.4,3.2,8.2,2.1,4.2,1.1,4.0,0.8,1.0,0.2,2.0,2.2,1.8,0.5,0.0,1.4,1.7,8.3
Gabe Brown,SO,2019-20,F,Michigan State,Big Ten,29,657,69,158,38,70,31,88,36,38,25,80,105,15,8,10,14,27,205,22.7,2.4,5.4,1.3,2.4,1.1,3.0,1.2,1.3,0.9,2.8,3.6,0.5,0.3,0.3,0.5,0.9,7.1
Jared Butler,SO,2019-20,G,Baylor,Big 12,28,837,156,369,82,178,74,191,56,73,12,75,87,90,44,4,65,66,442,29.9,5.6,13.2,2.9,6.4,2.6,6.8,2.0,2.6,0.4,2.7,3.1,3.2,1.6,0.1,2.3,2.4,15.8
MaCio Teague,JR,2019-20,G,Baylor,Big 12,26,841,111,276,53,118,58,158,86,102,27,97,124,50,25,5,32,31,366,32.3,4.3,10.6,2.0,4.5,2.2,6.1,3.3,3.9,1.0,3.7,4.8,1.9,1.0,0.2,1.2,1.2,14.1
Freddie Gillespie,SR,2019-20,F,Baylor,Big 12,28,792,107,189,107,189,0,0,63,91,113,142,255,13,30,62,25,76,277,28.3,3.8,6.8,3.8,6.8,0.0,0.0,2.3,3.3,4.0,5.1,9.1,0.5,1.1,2.2,0.9,2.7,9.9
Davion Mitchell,SO,2019-20,G,Baylor,Big 12,28,896,95,235,65,138,30,97,53,78,10,68,78,108,41,11,62,75,273,32.0,3.4,8.4,2.3,4.9,1.1,3.5,1.9,2.8,0.4,2.4,2.8,3.9,1.5,0.4,2.2,2.7,9.8
Devonte Bandoo,SR,2019-20,G,Baylor,Big 12,28,713,76,198,40,103,36,95,21,29,25,78,103,41,14,2,42,33,209,25.5,2.7,7.1,1.4,3.7,1.3,3.4,0.8,1.0,0.9,2.8,3.7,1.5,0.5,0.1,1.5,1.2,7.5
Mark Vital,JR,2019-20,G,Baylor,Big 12,28,724,70,151,68,134,2,17,27,62,80,89,169,49,49,17,38,73,169,25.9,2.5,5.4,2.4,4.8,0.1,0.6,1.0,2.2,2.9,3.2,6.0,1.8,1.8,0.6,1.4,2.6,6.0
Zeke Nnaji,FR,2019-20,F,Arizona,Pac-12,29,880,163,282,158,265,5,17,140,184,85,164,249,22,20,27,59,69,471,30.3,5.6,9.7,5.4,9.1,0.2,0.6,4.8,6.3,2.9,5.7,8.6,0.8,0.7,0.9,2.0,2.4,16.2
Nico Mannion,FR,2019-20,G,Arizona,Pac-12,29,922,129,330,83,185,46,145,95,117,8,67,75,155,32,0,75,52,399,31.8,4.4,11.4,2.9,6.4,1.6,5.0,3.3,4.0,0.3,2.3,2.6,5.3,1.1,0.0,2.6,1.8,13.8
Josh Green,FR,2019-20,G,Arizona,Pac-12,27,830,111,264,87,189,24,75,74,96,34,90,124,69,42,12,40,67,320,30.7,4.1,9.8,3.2,7.0,0.9,2.8,2.7,3.6,1.3,3.3,4.6,2.6,1.6,0.4,1.5,2.5,11.9
Dylan Smith,SR,2019-20,G,Arizona,Pac-12,29,757,78,213,30,78,48,135,36,51,13,75,88,39,20,14,44,63,240,26.1,2.7,7.3,1.0,2.7,1.7,4.7,1.2,1.8,0.4,2.6,3.0,1.3,0.7,0.5,1.5,2.2,8.3
Stone Gettings,SR,2019-20,F,Arizona,Pac-12,24,487,63,125,48,87,15,38,20,30,37,55,92,21,15,7,26,59,161,20.3,2.6,5.2,2.0,3.6,0.6,1.6,0.8,1.3,1.5,2.3,3.8,0.9,0.6,0.3,1.1,2.5,6.7
Kaleb Wesson,JR,2019-20,F,Ohio State,Big Ten,29,851,128,288,85,188,43,100,108,150,70,207,277,59,20,29,76,88,407,29.3,4.4,9.9,2.9,6.5,1.5,3.4,3.7,5.2,2.4,7.1,9.6,2.0,0.7,1.0,2.6,3.0,14.0
Duane Washington Jr.,SO,2019-20,G,Ohio State,Big Ten,26,633,100,244,48,114,52,130,44,54,5,65,70,39,10,2,33,29,296,24.3,3.8,9.4,1.8,4.4,2.0,5.0,1.7,2.1,0.2,2.5,2.7,1.5,0.4,0.1,1.3,1.1,11.4
Andre Wesson,SR,2019-20,F,Ohio State,Big Ten,27,824,84,179,41,82,43,97,39,49,33,73,106,51,9,12,39,69,250,30.5,3.1,6.6,1.5,3.0,1.6,3.6,1.4,1.8,1.2,2.7,3.9,1.9,0.3,0.4,1.4,2.6,9.3
CJ Walker,JR,2019-20,G,Ohio State,Big Ten,29,832,85,200,58,118,27,82,45,55,8,78,86,101,38,2,48,70,242,28.7,2.9,6.9,2.0,4.1,0.9,2.8,1.6,1.9,0.3,2.7,3.0,3.5,1.3,0.1,1.7,2.4,8.3
D.J. Carton,FR,2019-20,G,Ohio State,Big Ten,20,477,71,149,47,89,24,60,41,54,10,46,56,59,13,8,52,38,207,23.9,3.6,7.5,2.4,4.5,1.2,3.0,2.1,2.7,0.5,2.3,2.8,3.0,0.7,0.4,2.6,1.9,10.4
Luther Muhammad,SO,2019-20,G,Ohio State,Big Ten,28,686,59,151,27,58,32,93,48,56,10,49,59,38,26,2,31,48,198,24.5,2.1,5.4,1.0,2.1,1.1,3.3,1.7,2.0,0.4,1.8,2.1,1.4,0.9,0.1,1.1,1.7,7.1
Kyle Young,JR,2019-20,F,Ohio State,Big Ten,25,573,72,123,70,110,2,13,42,64,51,93,144,23,8,13,14,48,188,22.9,2.9,4.9,2.8,4.4,0.1,0.5,1.7,2.6,2.0,3.7,5.8,0.9,0.3,0.5,0.6,1.9,7.5
Malachi Flynn,JR,2019-20,G,San Diego State,MWC,29,963,167,374,99,191,68,183,108,126,18,110,128,147,51,3,49,48,510,33.2,5.8,12.9,3.4,6.6,2.3,6.3,3.7,4.3,0.6,3.8,4.4,5.1,1.8,0.1,1.7,1.7,17.6
Matt Mitchell,JR,2019-20,F,San Diego State,MWC,29,742,116,242,77,144,39,98,88,102,30,109,139,48,32,11,47,84,359,25.6,4.0,8.3,2.7,5.0,1.3,3.4,3.0,3.5,1.0,3.8,4.8,1.7,1.1,0.4,1.6,2.9,12.4
Yanni Wetzell,SR,2019-20,F,San Diego State,MWC,29,808,137,229,130,208,7,21,55,87,66,121,187,40,22,18,57,72,336,27.9,4.7,7.9,4.5,7.2,0.2,0.7,1.9,3.0,2.3,4.2,6.4,1.4,0.8,0.6,2.0,2.5,11.6
Jordan Schakel,JR,2019-20,G,San Diego State,MWC,29,761,97,212,34,67,63,145,36,39,21,83,104,17,24,2,16,59,293,26.2,3.3,7.3,1.2,2.3,2.2,5.0,1.2,1.3,0.7,2.9,3.6,0.6,0.8,0.1,0.6,2.0,10.1
KJ Feagin,SR,2019-20,G,San Diego State,MWC,29,866,88,232,38,101,50,131,27,33,9,80,89,89,18,9,53,54,253,29.9,3.0,8.0,1.3,3.5,1.7,4.5,0.9,1.1,0.3,2.8,3.1,3.1,0.6,0.3,1.8,1.9,8.7
Nathan Mensah,SO,2019-20,F,San Diego State,MWC,13,263,37,60,37,60,0,0,16,25,27,62,89,4,10,22,14,30,90,20.2,2.8,4.6,2.8,4.6,0.0,0.0,1.2,1.9,2.1,4.8,6.8,0.3,0.8,1.7,1.1,2.3,6.9
Obi Toppin,SO,2019-20,F,Dayton,A-10,29,924,228,361,197,281,31,80,87,126,35,192,227,60,28,37,66,47,574,31.9,7.9,12.4,6.8,9.7,1.1,2.8,3.0,4.3,1.2,6.6,7.8,2.1,1.0,1.3,2.3,1.6,19.8
Jalen Crutcher,JR,2019-20,G,Dayton,A-10,28,941,134,291,68,133,66,158,80,93,12,77,89,138,25,2,58,43,414,33.6,4.8,10.4,2.4,4.8,2.4,5.6,2.9,3.3,0.4,2.8,3.2,4.9,0.9,0.1,2.1,1.5,14.8
Trey Landers,SR,2019-20,G,Dayton,A-10,29,829,119,210,99,148,20,62,52,87,51,138,189,71,31,9,39,74,310,28.6,4.1,7.2,3.4,5.1,0.7,2.1,1.8,3.0,1.8,4.8,6.5,2.4,1.1,0.3,1.3,2.6,10.7
Ibi Watson,JR,2019-20,G,Dayton,A-10,29,647,103,207,61,97,42,110,49,58,18,49,67,39,6,7,30,48,297,22.3,3.6,7.1,2.1,3.3,1.4,3.8,1.7,2.0,0.6,1.7,2.3,1.3,0.2,0.2,1.0,1.7,10.2
Ryan Mikesell,SR,2019-20,F,Dayton,A-10,29,800,96,197,75,115,21,82,40,57,31,110,141,57,20,20,27,62,253,27.6,3.3,6.8,2.6,4.0,0.7,2.8,1.4,2.0,1.1,3.8,4.9,2.0,0.7,0.7,0.9,2.1,8.7
Rodney Chatman,JR,2019-20,G,Dayton,A-10,29,771,72,174,39,82,33,92,51,70,9,58,67,92,37,4,62,81,228,26.6,2.5,6.0,1.3,2.8,1.1,3.2,1.8,2.4,0.3,2.0,2.3,3.2,1.3,0.1,2.1,2.8,7.9
Jordan Nwora,JR,2019-20,F,Louisville,ACC,30,986,183,413,111,233,72,180,102,126,51,177,228,39,23,8,63,65,540,32.9,6.1,13.8,3.7,7.8,2.4,6.0,3.4,4.2,1.7,5.9,7.6,1.3,0.8,0.3,2.1,2.2,18.0
Steven Enoch,SR,2019-20,C,Louisville,ACC,30,608,110,214,102,189,8,25,54,73,44,125,169,12,8,19,38,70,282,20.3,3.7,7.1,3.4,6.3,0.3,0.8,1.8,2.4,1.5,4.2,5.6,0.4,0.3,0.6,1.3,2.3,9.4
Dwayne Sutton,SR,2019-20,F,Louisville,ACC,30,952,95,188,66,107,29,81,60,86,76,173,249,54,24,20,31,66,279,31.7,3.2,6.3,2.2,3.6,1.0,2.7,2.0,2.9,2.5,5.8,8.3,1.8,0.8,0.7,1.0,2.2,9.3
Ryan McMahon,SR,2019-20,G,Louisville,ACC,30,742,79,188,13,35,66,153,38,41,4,30,34,54,19,2,30,42,262,24.7,2.6,6.3,0.4,1.2,2.2,5.1,1.3,1.4,0.1,1.0,1.1,1.8,0.6,0.1,1.0,1.4,8.7
Lamarr Kimble,SR,2019-20,G,Louisville,ACC,30,649,55,148,39,94,16,54,27,39,9,37,46,78,25,3,46,43,153,21.6,1.8,4.9,1.3,3.1,0.5,1.8,0.9,1.3,0.3,1.2,1.5,2.6,0.8,0.1,1.5,1.4,5.1
Oscar Tshiebwe,FR,2019-20,F,West Virginia,Big 12,29,679,116,209,116,209,0,0,89,130,119,147,266,11,23,32,53,78,321,23.4,4.0,7.2,4.0,7.2,0.0,0.0,3.1,4.5,4.1,5.1,9.2,0.4,0.8,1.1,1.8,2.7,11.1
Derek Culver,SO,2019-20,F,West Virginia,Big 12,29,706,104,234,104,234,0,0,90,168,76,173,249,51,21,20,67,81,298,24.3,3.6,8.1,3.6,8.1,0.0,0.0,3.1,5.8,2.6,6.0,8.6,1.8,0.7,0.7,2.3,2.8,10.3
Miles McBride,FR,2019-20,G,West Virginia,Big 12,29,640,94,234,72,159,22,75,57,79,15,53,68,52,30,13,36,48,267,22.1,3.2,8.1,2.5,5.5,0.8,2.6,2.0,2.7,0.5,1.8,2.3,1.8,1.0,0.4,1.2,1.7,9.2
Jermaine Haley,SR,2019-20,G,West Virginia,Big 12,28,676,95,171,90,153,5,18,55,87,51,71,122,53,34,4,45,49,250,24.1,3.4,6.1,3.2,5.5,0.2,0.6,2.0,3.1,1.8,2.5,4.4,1.9,1.2,0.1,1.6,1.8,8.9
Emmitt Matthews Jr.,SO,2019-20,F,West Virginia,Big 12,29,617,66,172,46,103,20,69,24,40,35,70,105,15,13,6,34,38,176,21.3,2.3,5.9,1.6,3.6,0.7,2.4,0.8,1.4,1.2,2.4,3.6,0.5,0.4,0.2,1.2,1.3,6.1
Zavier Simpson,SR,2019-20,G,Michigan,Big Ten,28,944,141,296,113,216,28,80,53,89,20,105,125,220,27,4,89,70,363,33.7,5.0,10.6,4.0,7.7,1.0,2.9,1.9,3.2,0.7,3.8,4.5,7.9,1.0,0.1,3.2,2.5,13.0
Jon Teske,SR,2019-20,C,Michigan,Big Ten,29,808,132,275,116,212,16,63,59,83,59,142,201,34,28,54,44,73,339,27.9,4.6,9.5,4.0,7.3,0.6,2.2,2.0,2.9,2.0,4.9,6.9,1.2,1.0,1.9,1.5,2.5,11.7
Eli Brooks,JR,2019-20,G,Michigan,Big Ten,28,899,111,272,61,135,50,137,33,46,15,92,107,57,23,5,37,34,305,32.1,4.0,9.7,2.2,4.8,1.8,4.9,1.2,1.6,0.5,3.3,3.8,2.0,0.8,0.2,1.3,1.2,10.9
Franz Wagner,FR,2019-20,G,Michigan,Big Ten,25,779,104,232,65,109,39,123,39,48,24,120,144,25,31,15,39,63,286,31.2,4.2,9.3,2.6,4.4,1.6,4.9,1.6,1.9,1.0,4.8,5.8,1.0,1.2,0.6,1.6,2.5,11.4
Isaiah Livers,JR,2019-20,F,Michigan,Big Ten,19,597,84,182,46,93,38,89,41,43,14,58,72,21,8,13,17,43,247,31.4,4.4,9.6,2.4,4.9,2.0,4.7,2.2,2.3,0.7,3.1,3.8,1.1,0.4,0.7,0.9,2.3,13.0
David Dejulius,SO,2019-20,G,Michigan,Big Ten,29,610,69,167,42,91,27,76,31,44,6,66,72,46,12,1,20,33,196,21.0,2.4,5.8,1.4,3.1,0.9,2.6,1.1,1.5,0.2,2.3,2.5,1.6,0.4,0.0,0.7,1.1,6.8
Anthony Cowan,SR,2019-20,G,Maryland,Big Ten,29,1001,126,332,73,169,53,163,162,202,16,89,105,136,30,5,63,56,467,34.5,4.3,11.4,2.5,5.8,1.8,5.6,5.6,7.0,0.6,3.1,3.6,4.7,1.0,0.2,2.2,1.9,16.1
Jalen Smith,SO,2019-20,F,Maryland,Big Ten,29,900,155,289,125,210,30,79,105,138,94,211,305,22,21,66,50,68,445,31.0,5.3,10.0,4.3,7.2,1.0,2.7,3.6,4.8,3.2,7.3,10.5,0.8,0.7,2.3,1.7,2.3,15.3
Aaron Wiggins,SO,2019-20,G,Maryland,Big Ten,29,845,105,283,55,124,50,159,43,59,35,112,147,43,25,13,50,45,303,29.1,3.6,9.8,1.9,4.3,1.7,5.5,1.5,2.0,1.2,3.9,5.1,1.5,0.9,0.4,1.7,1.6,10.4
Darryl Morsell,JR,2019-20,G,Maryland,Big Ten,29,791,89,205,75,164,14,41,57,75,38,102,140,64,23,9,63,72,249,27.3,3.1,7.1,2.6,5.7,0.5,1.4,2.0,2.6,1.3,3.5,4.8,2.2,0.8,0.3,2.2,2.5,8.6
Eric Ayala,SO,2019-20,G,Maryland,Big Ten,29,803,78,225,43,89,35,136,46,63,13,65,78,71,11,2,43,26,237,27.7,2.7,7.8,1.5,3.1,1.2,4.7,1.6,2.2,0.4,2.2,2.7,2.4,0.4,0.1,1.5,0.9,8.2
Donta Scott,FR,2019-20,F,Maryland,Big Ten,29,631,68,150,43,75,25,75,20,24,40,72,112,14,12,4,16,54,181,21.8,2.3,5.2,1.5,2.6,0.9,2.6,0.7,0.8,1.4,2.5,3.9,0.5,0.4,0.1,0.6,1.9,6.2
Payton Pritchard,SR,2019-20,G,Oregon,Pac-12,29,1062,202,438,121,238,81,200,101,125,19,106,125,158,46,1,77,60,586,36.6,7.0,15.1,4.2,8.2,2.8,6.9,3.5,4.3,0.7,3.7,4.3,5.4,1.6,0.0,2.7,2.1,20.2
Chris Duarte,JR,2019-20,G,Oregon,Pac-12,28,844,126,304,79,164,47,140,62,78,42,115,157,46,47,15,43,46,361,30.1,4.5,10.9,2.8,5.9,1.7,5.0,2.2,2.8,1.5,4.1,5.6,1.6,1.7,0.5,1.5,1.6,12.9
Will Richardson,SO,2019-20,G,Oregon,Pac-12,29,872,113,239,76,161,37,78,52,62,34,72,106,68,37,6,43,63,315,30.1,3.9,8.2,2.6,5.6,1.3,2.7,1.8,2.1,1.2,2.5,3.7,2.3,1.3,0.2,1.5,2.2,10.9
Anthony Mathis,SR,2019-20,G,Oregon,Pac-12,29,672,75,174,15,34,60,140,23,28,11,54,65,26,16,1,16,36,233,23.2,2.6,6.0,0.5,1.2,2.1,4.8,0.8,1.0,0.4,1.9,2.2,0.9,0.6,0.0,0.6,1.2,8.0
Shakur Juiston,SR,2019-20,F,Oregon,Pac-12,24,677,83,172,77,139,6,33,17,33,47,104,151,48,24,13,46,60,189,28.2,3.5,7.2,3.2,5.8,0.3,1.4,0.7,1.4,2.0,4.3,6.3,2.0,1.0,0.5,1.9,2.5,7.9
Myles Powell,SR,2019-20,G,Seton Hall,Big East,26,817,184,459,110,217,74,242,118,147,23,92,115,68,34,5,73,54,560,31.4,7.1,17.7,4.2,8.3,2.8,9.3,4.5,5.7,0.9,3.5,4.4,2.6,1.3,0.2,2.8,2.1,21.5
Quincy McKnight,SR,2019-20,G,Seton Hall,Big East,28,851,97,235,65,142,32,93,99,116,8,82,90,152,44,5,62,61,325,30.4,3.5,8.4,2.3,5.1,1.1,3.3,3.5,4.1,0.3,2.9,3.2,5.4,1.6,0.2,2.2,2.2,11.6
Jared Rhoden,SO,2019-20,G,Seton Hall,Big East,28,723,92,209,61,117,31,92,42,66,41,143,184,32,31,8,30,69,257,25.8,3.3,7.5,2.2,4.2,1.1,3.3,1.5,2.4,1.5,5.1,6.6,1.1,1.1,0.3,1.1,2.5,9.2
Romaro Gill,SR,2019-20,C,Seton Hall,Big East,28,685,84,132,84,132,0,0,51,75,49,110,159,4,7,94,30,80,219,24.5,3.0,4.7,3.0,4.7,0.0,0.0,1.8,2.7,1.8,3.9,5.7,0.1,0.3,3.4,1.1,2.9,7.8
Sandro Mamukelashvili,JR,2019-20,F,Seton Hall,Big East,18,458,84,156,65,110,19,46,24,37,37,60,97,25,10,11,25,43,211,25.4,4.7,8.7,3.6,6.1,1.1,2.6,1.3,2.1,2.1,3.3,5.4,1.4,0.6,0.6,1.4,2.4,11.7
Myles Cale,JR,2019-20,G,Seton Hall,Big East,28,645,64,164,41,83,23,81,21,36,23,84,107,25,30,3,32,46,172,23.0,2.3,5.9,1.5,3.0,0.8,2.9,0.8,1.3,0.8,3.0,3.8,0.9,1.1,0.1,1.1,1.6,6.1
Devin Vassell,SO,2019-20,G,Florida State,ACC,28,808,136,277,93,176,43,101,47,64,36,110,146,46,39,28,23,54,362,28.9,4.9,9.9,3.3,6.3,1.5,3.6,1.7,2.3,1.3,3.9,5.2,1.6,1.4,1.0,0.8,1.9,12.9
Trent Forrest,SR,2019-20,G,Florida State,ACC,29,907,121,260,105,208,16,52,80,96,32,94,126,120,58,18,88,43,338,31.3,4.2,9.0,3.6,7.2,0.6,1.8,2.8,3.3,1.1,3.2,4.3,4.1,2.0,0.6,3.0,1.5,11.7
Patrick Williams,FR,2019-20,F,Florida State,ACC,27,604,89,192,73,145,16,47,59,68,34,69,103,27,26,28,47,46,253,22.4,3.3,7.1,2.7,5.4,0.6,1.7,2.2,2.5,1.3,2.6,3.8,1.0,1.0,1.0,1.7,1.7,9.4
M.J. Walker,JR,2019-20,G,Florida State,ACC,24,608,77,212,38,101,39,111,56,71,6,36,42,36,18,6,37,52,249,25.3,3.2,8.8,1.6,4.2,1.6,4.6,2.3,3.0,0.3,1.5,1.8,1.5,0.8,0.3,1.5,2.2,10.4
Anthony Polite,SO,2019-20,G,Florida State,ACC,29,589,62,152,29,58,33,94,19,28,24,64,88,34,35,7,32,44,176,20.3,2.1,5.2,1.0,2.0,1.1,3.2,0.7,1.0,0.8,2.2,3.0,1.2,1.2,0.2,1.1,1.5,6.1
Jake Toolson,SR,2019-20,G,Brigham Young,WCC,31,1039,168,355,86,181,82,174,57,72,15,131,146,125,33,13,60,44,475,33.5,5.4,11.5,2.8,5.8,2.6,5.6,1.8,2.3,0.5,4.2,4.7,4.0,1.1,0.4,1.9,1.4,15.3
TJ Haws,SR,2019-20,G,Brigham Young,WCC,31,1006,161,341,103,187,58,154,64,84,8,68,76,179,42,7,80,55,444,32.5,5.2,11.0,3.3,6.0,1.9,5.0,2.1,2.7,0.3,2.2,2.5,5.8,1.4,0.2,2.6,1.8,14.3
Yoeli Childs,SR,2019-20,F,Brigham Young,WCC,18,514,167,285,147,244,20,41,45,83,36,125,161,38,14,17,40,48,399,28.6,9.3,15.8,8.2,13.6,1.1,2.3,2.5,4.6,2.0,6.9,8.9,2.1,0.8,0.9,2.2,2.7,22.2
Alex Barcello,JR,2019-20,G,Brigham Young,WCC,31,931,107,217,55,110,52,107,29,33,12,85,97,55,30,3,30,58,295,30.0,3.5,7.0,1.8,3.5,1.7,3.5,0.9,1.1,0.4,2.7,3.1,1.8,1.0,0.1,1.0,1.9,9.5
Dalton Nixon,SR,2019-20,F,Brigham Young,WCC,28,628,82,161,58,98,24,63,23,37,28,93,121,42,18,10,28,78,211,22.4,2.9,5.8,2.1,3.5,0.9,2.3,0.8,1.3,1.0,3.3,4.3,1.5,0.6,0.4,1.0,2.8,7.5
Connor Harding,SO,2019-20,G,Brigham Young,WCC,31,705,71,137,37,60,34,77,18,27,12,89,101,43,11,1,24,53,194,22.7,2.3,4.4,1.2,1.9,1.1,2.5,0.6,0.9,0.4,2.9,3.3,1.4,0.4,0.0,0.8,1.7,6.3
Lamar Stevens,SR,2019-20,F,Penn State,Big Ten,29,890,184,415,161,331,23,84,123,169,37,164,201,62,34,34,75,75,514,30.7,6.3,14.3,5.6,11.4,0.8,2.9,4.2,5.8,1.3,5.7,6.9,2.1,1.2,1.2,2.6,2.6,17.7
Myreon Jones,SO,2019-20,G,Penn State,Big Ten,23,671,112,249,60,120,52,129,38,49,11,55,66,67,30,4,36,35,314,29.2,4.9,10.8,2.6,5.2,2.3,5.6,1.7,2.1,0.5,2.4,2.9,2.9,1.3,0.2,1.6,1.5,13.7
Mike Watkins,SR,2019-20,F,Penn State,Big Ten,29,607,117,214,117,211,0,3,44,81,65,154,219,15,24,66,32,64,278,20.9,4.0,7.4,4.0,7.3,0.0,0.1,1.5,2.8,2.2,5.3,7.6,0.5,0.8,2.3,1.1,2.2,9.6
Izaiah Brockington,SO,2019-20,G,Penn State,Big Ten,29,621,92,204,80,159,12,45,52,74,25,56,81,33,26,4,39,48,248,21.4,3.2,7.0,2.8,5.5,0.4,1.6,1.8,2.6,0.9,1.9,2.8,1.1,0.9,0.1,1.3,1.7,8.6
Myles Dread,SO,2019-20,G,Penn State,Big Ten,29,745,75,222,17,37,58,185,35,42,21,70,91,66,28,4,28,52,243,25.7,2.6,7.7,0.6,1.3,2.0,6.4,1.2,1.4,0.7,2.4,3.1,2.3,1.0,0.1,1.0,1.8,8.4
Jamari Wheeler,JR,2019-20,G,Penn State,Big Ten,29,741,42,88,29,56,13,32,14,24,21,62,83,90,45,4,52,73,111,25.6,1.4,3.0,1.0,1.9,0.4,1.1,0.5,0.8,0.7,2.1,2.9,3.1,1.6,0.1,1.8,2.5,3.8
Saddiq Bey,SO,2019-20,F,Villanova,Big East,29,983,163,345,89,181,74,164,61,77,39,102,141,72,24,12,43,70,461,33.9,5.6,11.9,3.1,6.2,2.6,5.7,2.1,2.7,1.3,3.5,4.9,2.5,0.8,0.4,1.5,2.4,15.9
Collin Gillespie,JR,2019-20,G,Villanova,Big East,29,983,147,360,82,176,65,184,87,105,6,99,105,131,36,2,56,69,446,33.9,5.1,12.4,2.8,6.1,2.2,6.3,3.0,3.6,0.2,3.4,3.6,4.5,1.2,0.1,1.9,2.4,15.4
Justin Moore,FR,2019-20,G,Villanova,Big East,29,850,115,280,61,141,54,139,37,52,8,76,84,55,19,6,50,44,321,29.3,4.0,9.7,2.1,4.9,1.9,4.8,1.3,1.8,0.3,2.6,2.9,1.9,0.7,0.2,1.7,1.5,11.1
Jeremiah Robinson-Earl,FR,2019-20,F,Villanova,Big East,29,935,105,235,87,177,18,58,76,92,75,197,272,55,33,17,66,65,304,32.2,3.6,8.1,3.0,6.1,0.6,2.0,2.6,3.2,2.6,6.8,9.4,1.9,1.1,0.6,2.3,2.2,10.5
Jermaine Samuels,JR,2019-20,F,Villanova,Big East,28,838,98,212,69,109,29,103,65,90,36,120,156,52,28,21,36,61,290,29.9,3.5,7.6,2.5,3.9,1.0,3.7,2.3,3.2,1.3,4.3,5.6,1.9,1.0,0.8,1.3,2.2,10.4
Jahmi'us Ramsey,FR,2019-20,G,Texas Tech,Big 12,25,777,141,316,86,187,55,129,50,76,20,82,102,56,35,18,50,52,387,31.1,5.6,12.6,3.4,7.5,2.2,5.2,2.0,3.0,0.8,3.3,4.1,2.2,1.4,0.7,2.0,2.1,15.5
Davide Moretti,JR,2019-20,G,Texas Tech,Big 12,29,983,111,265,47,103,64,162,88,98,1,46,47,64,34,0,59,59,374,33.9,3.8,9.1,1.6,3.6,2.2,5.6,3.0,3.4,0.0,1.6,1.6,2.2,1.2,0.0,2.0,2.0,12.9
Kyler Edwards,SO,2019-20,G,Texas Tech,Big 12,29,966,121,291,76,152,45,139,56,71,18,99,117,86,28,16,56,53,343,33.3,4.2,10.0,2.6,5.2,1.6,4.8,1.9,2.4,0.6,3.4,4.0,3.0,1.0,0.6,1.9,1.8,11.8
Terrence Shannon Jr.,FR,2019-20,G,Texas Tech,Big 12,27,643,89,189,80,156,9,33,85,103,30,81,111,29,26,11,35,65,272,23.8,3.3,7.0,3.0,5.8,0.3,1.2,3.1,3.8,1.1,3.0,4.1,1.1,1.0,0.4,1.3,2.4,10.1
T.J. Holyfield,SR,2019-20,F,Texas Tech,Big 12,29,709,98,178,85,144,13,34,47,70,50,85,135,34,25,45,47,94,256,24.4,3.4,6.1,2.9,5.0,0.4,1.2,1.6,2.4,1.7,2.9,4.7,1.2,0.9,1.6,1.6,3.2,8.8
Chris Clarke,SR,2019-20,G,Texas Tech,Big 12,28,677,58,128,56,116,2,12,40,56,43,140,183,131,25,3,64,44,158,24.2,2.1,4.6,2.0,4.1,0.1,0.4,1.4,2.0,1.5,5.0,6.5,4.7,0.9,0.1,2.3,1.6,5.6
Caleb Mills,FR,2019-20,G,Houston,AAC,29,646,136,343,88,211,48,132,65,89,10,60,70,34,15,5,38,57,385,22.3,4.7,11.8,3.0,7.3,1.7,4.6,2.2,3.1,0.3,2.1,2.4,1.2,0.5,0.2,1.3,2.0,13.3
Quentin Grimes,SO,2019-20,G,Houston,AAC,28,775,111,252,75,137,36,115,65,98,18,84,102,73,22,6,65,63,323,27.7,4.0,9.0,2.7,4.9,1.3,4.1,2.3,3.5,0.6,3.0,3.6,2.6,0.8,0.2,2.3,2.3,11.5
Nate Hinton,SO,2019-20,G,Houston,AAC,29,888,97,245,55,133,42,112,68,90,80,180,260,60,37,5,36,60,304,30.6,3.3,8.4,1.9,4.6,1.4,3.9,2.3,3.1,2.8,6.2,9.0,2.1,1.3,0.2,1.2,2.1,10.5
Fabian White Jr.,JR,2019-20,F,Houston,AAC,29,681,109,230,109,228,0,2,44,55,66,87,153,25,14,14,38,84,262,23.5,3.8,7.9,3.8,7.9,0.0,0.1,1.5,1.9,2.3,3.0,5.3,0.9,0.5,0.5,1.3,2.9,9.0
Dejon Jarreau,JR,2019-20,G,Houston,AAC,28,647,79,207,72,168,7,39,94,117,23,99,122,106,17,11,78,68,259,23.1,2.8,7.4,2.6,6.0,0.3,1.4,3.4,4.2,0.8,3.5,4.4,3.8,0.6,0.4,2.8,2.4,9.3
Marcus Sasser,FR,2019-20,G,Houston,AAC,28,655,80,206,23,54,57,152,24,31,8,59,67,43,17,3,29,40,241,23.4,2.9,7.4,0.8,1.9,2.0,5.4,0.9,1.1,0.3,2.1,2.4,1.5,0.6,0.1,1.0,1.4,8.6
Luka Garza,JR,2019-20,C,Iowa,Big Ten,29,913,266,492,230,391,36,101,118,184,105,180,285,33,22,49,52,71,686,31.5,9.2,17.0,7.9,13.5,1.2,3.5,4.1,6.3,3.6,6.2,9.8,1.1,0.8,1.7,1.8,2.4,23.7
Joe Wieskamp,SO,2019-20,G,Iowa,Big Ten,29,943,139,321,88,176,51,145,89,105,43,133,176,46,32,14,45,39,418,32.5,4.8,11.1,3.0,6.1,1.8,5.0,3.1,3.6,1.5,4.6,6.1,1.6,1.1,0.5,1.6,1.3,14.4
CJ Fredrick,FR,2019-20,G,Iowa,Big Ten,23,651,84,169,40,75,44,94,33,42,15,30,45,61,17,5,31,39,245,28.3,3.7,7.3,1.7,3.3,1.9,4.1,1.4,1.8,0.7,1.3,2.0,2.7,0.7,0.2,1.3,1.7,10.7
Connor McCaffery,SO,2019-20,G,Iowa,Big Ten,29,876,51,148,22,61,29,87,46,60,20,96,116,113,33,3,24,73,177,30.2,1.8,5.1,0.8,2.1,1.0,3.0,1.6,2.1,0.7,3.3,4.0,3.9,1.1,0.1,0.8,2.5,6.1
Jordan Bohannon,SR,2019-20,G,Iowa,Big Ten,10,250,25,84,5,23,20,61,18,18,1,15,16,33,8,0,11,17,88,25.0,2.5,8.4,0.5,2.3,2.0,6.1,1.8,1.8,0.1,1.5,1.6,3.3,0.8,0.0,1.1,1.7,8.8
Ty-Shon Alexander,JR,2019-20,G,Creighton,Big East,29,1008,152,352,78,166,74,186,113,132,8,140,148,67,37,7,39,49,491,34.8,5.2,12.1,2.7,5.7,2.6,6.4,3.9,4.6,0.3,4.8,5.1,2.3,1.3,0.2,1.3,1.7,16.9
Marcus Zegarowski,SO,2019-20,G,Creighton,Big East,29,1004,166,353,100,187,66,166,59,78,5,102,107,143,33,2,77,57,457,34.6,5.7,12.2,3.4,6.4,2.3,5.7,2.0,2.7,0.2,3.5,3.7,4.9,1.1,0.1,2.7,2.0,15.8
Mitchell Ballock,JR,2019-20,G,Creighton,Big East,29,1045,113,261,28,64,85,197,29,39,13,147,160,88,24,10,27,40,340,36.0,3.9,9.0,1.0,2.2,2.9,6.8,1.0,1.3,0.4,5.1,5.5,3.0,0.8,0.3,0.9,1.4,11.7
Damien Jefferson,JR,2019-20,F,Creighton,Big East,28,752,114,213,104,169,10,44,31,48,47,109,156,40,18,5,34,47,269,26.9,4.1,7.6,3.7,6.0,0.4,1.6,1.1,1.7,1.7,3.9,5.6,1.4,0.6,0.2,1.2,1.7,9.6
Christian Bishop,SO,2019-20,F,Creighton,Big East,29,637,103,174,102,173,1,1,52,90,57,99,156,41,21,31,44,88,259,22.0,3.6,6.0,3.5,6.0,0.0,0.0,1.8,3.1,2.0,3.4,5.4,1.4,0.7,1.1,1.5,3.0,8.9
Denzel Mahoney,SR,2019-20,G,Creighton,Big East,19,427,69,165,47,94,22,71,61,73,20,40,60,13,18,2,28,41,221,22.5,3.6,8.7,2.5,4.9,1.2,3.7,3.2,3.8,1.1,2.1,3.2,0.7,0.9,0.1,1.5,2.2,11.6
Trevion Williams,SO,2019-20,F,Purdue,Big Ten,29,627,147,279,144,270,3,9,42,90,98,125,223,44,19,12,47,67,339,21.6,5.1,9.6,5.0,9.3,0.1,0.3,1.4,3.1,3.4,4.3,7.7,1.5,0.7,0.4,1.6,2.3,11.7
Eric Hunter Jr.,SO,2019-20,G,Purdue,Big Ten,29,907,108,258,67,148,41,110,40,53,34,61,95,77,29,3,57,72,297,31.3,3.7,8.9,2.3,5.1,1.4,3.8,1.4,1.8,1.2,2.1,3.3,2.7,1.0,0.1,2.0,2.5,10.2
Jahaad Proctor,SR,2019-20,G,Purdue,Big Ten,29,747,94,232,68,150,26,82,52,65,9,55,64,51,29,2,27,39,266,25.8,3.2,8.0,2.3,5.2,0.9,2.8,1.8,2.2,0.3,1.9,2.2,1.8,1.0,0.1,0.9,1.3,9.2
Sasha Stefanovic,SO,2019-20,G,Purdue,Big Ten,28,740,76,202,19,52,57,150,37,46,5,61,66,43,28,9,36,57,246,26.4,2.7,7.2,0.7,1.9,2.0,5.4,1.3,1.6,0.2,2.2,2.4,1.5,1.0,0.3,1.3,2.0,8.8
Matt Haarms,JR,2019-20,C,Purdue,Big Ten,27,553,91,171,81,142,10,29,42,67,49,74,123,25,5,52,32,61,234,20.5,3.4,6.3,3.0,5.3,0.4,1.1,1.6,2.5,1.8,2.7,4.6,0.9,0.2,1.9,1.2,2.3,8.7
Nojel Eastern,JR,2019-20,G,Purdue,Big Ten,29,736,67,157,67,154,0,3,16,33,38,80,118,75,30,5,45,57,150,25.4,2.3,5.4,2.3,5.3,0.0,0.1,0.6,1.1,1.3,2.8,4.1,2.6,1.0,0.2,1.6,2.0,5.2
McKinley Wright IV,JR,2019-20,G,Colorado,Pac-12,30,1036,149,330,115,227,34,103,87,111,34,134,168,152,33,11,88,56,419,34.5,5.0,11.0,3.8,7.6,1.1,3.4,2.9,3.7,1.1,4.5,5.6,5.1,1.1,0.4,2.9,1.9,14.0
Tyler Bey,JR,2019-20,G,Colorado,Pac-12,29,829,128,246,115,216,13,30,125,166,59,203,262,45,43,33,74,56,394,28.6,4.4,8.5,4.0,7.4,0.4,1.0,4.3,5.7,2.0,7.0,9.0,1.6,1.5,1.1,2.6,1.9,13.6
D'Shawn Schwartz,JR,2019-20,G,Colorado,Pac-12,30,856,105,252,54,120,51,132,50,70,22,86,108,43,23,7,29,50,311,28.5,3.5,8.4,1.8,4.0,1.7,4.4,1.7,2.3,0.7,2.9,3.6,1.4,0.8,0.2,1.0,1.7,10.4
Evan Battey,SO,2019-20,F,Colorado,Pac-12,30,728,95,180,89,164,6,16,70,103,83,101,184,30,17,11,38,90,266,24.3,3.2,6.0,3.0,5.5,0.2,0.5,2.3,3.4,2.8,3.4,6.1,1.0,0.6,0.4,1.3,3.0,8.9
Lucas Siewert,SR,2019-20,F,Colorado,Pac-12,30,604,81,191,32,67,49,124,32,38,26,98,124,23,13,7,28,43,243,20.1,2.7,6.4,1.1,2.2,1.6,4.1,1.1,1.3,0.9,3.3,4.1,0.8,0.4,0.2,0.9,1.4,8.1
Shane Gatling,SR,2019-20,G,Colorado,Pac-12,30,656,67,180,31,71,36,109,30,36,7,45,52,36,11,8,35,32,200,21.9,2.2,6.0,1.0,2.4,1.2,3.6,1.0,1.2,0.2,1.5,1.7,1.2,0.4,0.3,1.2,1.1,6.7
Immanuel Quickley,SO,2019-20,G,Kentucky,SEC,28,929,128,307,70,169,58,138,141,153,15,106,121,53,24,4,41,62,455,33.2,4.6,11.0,2.5,6.0,2.1,4.9,5.0,5.5,0.5,3.8,4.3,1.9,0.9,0.1,1.5,2.2,16.3
Tyrese Maxey,FR,2019-20,G,Kentucky,SEC,29,993,141,325,111,219,30,106,93,113,11,117,128,91,26,12,64,70,405,34.2,4.9,11.2,3.8,7.6,1.0,3.7,3.2,3.9,0.4,4.0,4.4,3.1,0.9,0.4,2.2,2.4,14.0
Nick Richards,JR,2019-20,F,Kentucky,SEC,29,859,153,231,153,231,0,0,98,130,76,149,225,7,3,64,43,92,404,29.6,5.3,8.0,5.3,8.0,0.0,0.0,3.4,4.5,2.6,5.1,7.8,0.2,0.1,2.2,1.5,3.2,13.9
Ashton Hagans,SO,2019-20,G,Kentucky,SEC,29,968,103,255,87,195,16,60,112,138,6,110,116,187,57,6,100,75,334,33.4,3.6,8.8,3.0,6.7,0.6,2.1,3.9,4.8,0.2,3.8,4.0,6.4,2.0,0.2,3.4,2.6,11.5
EJ Montgomery,SO,2019-20,F,Kentucky,SEC,26,623,68,129,67,123,1,6,28,42,44,99,143,17,11,31,27,73,165,24.0,2.6,5.0,2.6,4.7,0.0,0.2,1.1,1.6,1.7,3.8,5.5,0.7,0.4,1.2,1.0,2.8,6.3
Markus Howard,SR,2019-20,G,Marquette,Big East,27,887,221,524,110,250,111,274,192,227,14,76,90,88,27,1,89,65,745,32.9,8.2,19.4,4.1,9.3,4.1,10.1,7.1,8.4,0.5,2.8,3.3,3.3,1.0,0.0,3.3,2.4,27.6
Sacar Anim,SR,2019-20,G,Marquette,Big East,28,933,132,307,86,189,46,118,52,81,32,80,112,42,23,7,47,52,362,33.3,4.7,11.0,3.1,6.8,1.6,4.2,1.9,2.9,1.1,2.9,4.0,1.5,0.8,0.3,1.7,1.9,12.9
Koby McEwen,JR,2019-20,G,Marquette,Big East,27,784,67,206,34,92,33,114,97,114,8,129,137,89,16,2,74,89,264,29.0,2.5,7.6,1.3,3.4,1.2,4.2,3.6,4.2,0.3,4.8,5.1,3.3,0.6,0.1,2.7,3.3,9.8
Brendan Bailey,SO,2019-20,F,Marquette,Big East,28,721,76,185,31,70,45,115,12,20,37,113,150,34,18,22,22,70,209,25.8,2.7,6.6,1.1,2.5,1.6,4.1,0.4,0.7,1.3,4.0,5.4,1.2,0.6,0.8,0.8,2.5,7.5
Theo John,JR,2019-20,F,Marquette,Big East,28,600,53,96,53,96,0,0,41,71,50,97,147,20,13,54,25,76,147,21.4,1.9,3.4,1.9,3.4,0.0,0.0,1.5,2.5,1.8,3.5,5.3,0.7,0.5,1.9,0.9,2.7,5.3
Daniel Oturu,SO,2019-20,C,Minnesota,Big Ten,28,959,217,379,200,329,17,50,114,162,105,214,319,32,14,73,80,78,565,34.3,7.8,13.5,7.1,11.8,0.6,1.8,4.1,5.8,3.8,7.6,11.4,1.1,0.5,2.6,2.9,2.8,20.2
Marcus Carr,SO,2019-20,G,Minnesota,Big Ten,28,1042,143,368,99,237,44,131,110,157,29,125,154,185,23,3,78,80,440,37.2,5.1,13.1,3.5,8.5,1.6,4.7,3.9,5.6,1.0,4.5,5.5,6.6,0.8,0.1,2.8,2.9,15.7
Gabe Kalscheur,SO,2019-20,G,Minnesota,Big Ten,28,933,110,301,44,103,66,198,28,39,15,61,76,43,28,7,45,77,314,33.3,3.9,10.8,1.6,3.7,2.4,7.1,1.0,1.4,0.5,2.2,2.7,1.5,1.0,0.3,1.6,2.8,11.2
Payton Willis,JR,2019-20,G,Minnesota,Big Ten,25,739,76,202,26,56,50,146,12,16,9,77,86,49,20,6,15,42,214,29.6,3.0,8.1,1.0,2.2,2.0,5.8,0.5,0.6,0.4,3.1,3.4,2.0,0.8,0.2,0.6,1.7,8.6
Alihan Demir,SR,2019-20,F,Minnesota,Big Ten,28,710,71,180,60,130,11,50,38,50,34,99,133,40,16,12,26,65,191,25.4,2.5,6.4,2.1,4.6,0.4,1.8,1.4,1.8,1.2,3.5,4.8,1.4,0.6,0.4,0.9,2.3,6.8
Nate Reuvers,JR,2019-20,F,Wisconsin,Big Ten,29,753,136,305,108,220,28,85,77,99,32,97,129,16,13,56,43,89,377,26.0,4.7,10.5,3.7,7.6,1.0,2.9,2.7,3.4,1.1,3.3,4.4,0.6,0.4,1.9,1.5,3.1,13.0
D'Mitrik Trice,JR,2019-20,G,Wisconsin,Big Ten,29,921,99,255,45,114,54,141,41,55,8,109,117,122,23,2,51,36,293,31.8,3.4,8.8,1.6,3.9,1.9,4.9,1.4,1.9,0.3,3.8,4.0,4.2,0.8,0.1,1.8,1.2,10.1
Brad Davison,JR,2019-20,G,Wisconsin,Big Ten,28,861,86,218,43,95,43,123,61,69,16,104,120,53,20,0,26,68,276,30.8,3.1,7.8,1.5,3.4,1.5,4.4,2.2,2.5,0.6,3.7,4.3,1.9,0.7,0.0,0.9,2.4,9.9
Aleem Ford,JR,2019-20,F,Wisconsin,Big Ten,29,727,89,203,52,95,37,108,31,45,36,89,125,31,15,11,30,55,246,25.1,3.1,7.0,1.8,3.3,1.3,3.7,1.1,1.6,1.2,3.1,4.3,1.1,0.5,0.4,1.0,1.9,8.5
Brevin Pritzl,SR,2019-20,G,Wisconsin,Big Ten,29,775,78,197,31,71,47,126,34,40,23,83,106,20,17,6,20,48,237,26.7,2.7,6.8,1.1,2.4,1.6,4.3,1.2,1.4,0.8,2.9,3.7,0.7,0.6,0.2,0.7,1.7,8.2
Kobe King,SO,2019-20,G,Wisconsin,Big Ten,19,542,73,159,66,131,7,28,37,55,22,32,54,30,10,6,29,27,190,28.5,3.8,8.4,3.5,6.9,0.4,1.5,1.9,2.9,1.2,1.7,2.8,1.6,0.5,0.3,1.5,1.4,10.0
Ron Harper Jr.,SO,2019-20,G,Rutgers,Big Ten,29,811,129,285,96,184,33,101,60,83,34,132,166,31,24,22,31,53,351,28.0,4.4,9.8,3.3,6.3,1.1,3.5,2.1,2.9,1.2,4.6,5.7,1.1,0.8,0.8,1.1,1.8,12.1
Akwasi Yeboah,SR,2019-20,F,Rutgers,Big Ten,29,693,96,221,60,121,36,100,57,73,32,105,137,26,23,14,35,61,285,23.9,3.3,7.6,2.1,4.2,1.2,3.4,2.0,2.5,1.1,3.6,4.7,0.9,0.8,0.5,1.2,2.1,9.8
Geo Baker,JR,2019-20,G,Rutgers,Big Ten,26,736,100,257,69,138,31,119,42,54,14,62,76,91,29,17,45,50,273,28.3,3.8,9.9,2.7,5.3,1.2,4.6,1.6,2.1,0.5,2.4,2.9,3.5,1.1,0.7,1.7,1.9,10.5
Myles Johnson,SO,2019-20,C,Rutgers,Big Ten,29,692,102,169,102,167,0,2,26,72,99,132,231,29,16,46,41,70,230,23.9,3.5,5.8,3.5,5.8,0.0,0.1,0.9,2.5,3.4,4.6,8.0,1.0,0.6,1.6,1.4,2.4,7.9
Jacob Young,JR,2019-20,G,Rutgers,Big Ten,28,578,88,221,74,161,14,60,38,62,21,53,74,51,28,1,61,42,228,20.6,3.1,7.9,2.6,5.8,0.5,2.1,1.4,2.2,0.8,1.9,2.6,1.8,1.0,0.0,2.2,1.5,8.1
Caleb McConnell,SO,2019-20,G,Rutgers,Big Ten,29,656,78,188,64,138,14,50,38,48,32,83,115,47,25,7,44,49,208,22.6,2.7,6.5,2.2,4.8,0.5,1.7,1.3,1.7,1.1,2.9,4.0,1.6,0.9,0.2,1.5,1.7,7.2
Montez Mathis,SO,2019-20,G,Rutgers,Big Ten,29,638,79,207,61,148,18,59,31,47,23,76,99,34,29,3,30,54,207,22.0,2.7,7.1,2.1,5.1,0.6,2.0,1.1,1.6,0.8,2.6,3.4,1.2,1.0,0.1,1.0,1.9,7.1
Ayo Dosunmu,SO,2019-20,G,Illinois,Big Ten,28,929,180,375,153,285,27,90,73,95,14,104,118,87,23,5,74,46,460,33.2,6.4,13.4,5.5,10.2,1.0,3.2,2.6,3.4,0.5,3.7,4.2,3.1,0.8,0.2,2.6,1.6,16.4
Kofi Cockburn,FR,2019-20,C,Illinois,Big Ten,29,801,144,271,144,270,0,1,107,159,102,159,261,18,15,40,58,73,395,27.6,5.0,9.3,5.0,9.3,0.0,0.0,3.7,5.5,3.5,5.5,9.0,0.6,0.5,1.4,2.0,2.5,13.6
Andres Feliz,SR,2019-20,G,Illinois,Big Ten,29,773,113,243,99,192,14,51,76,99,27,117,144,87,21,1,40,48,316,26.7,3.9,8.4,3.4,6.6,0.5,1.8,2.6,3.4,0.9,4.0,5.0,3.0,0.7,0.0,1.4,1.7,10.9
Trent Frazier,JR,2019-20,G,Illinois,Big Ten,29,883,80,240,31,89,49,151,57,66,7,59,66,58,27,0,27,72,266,30.4,2.8,8.3,1.1,3.1,1.7,5.2,2.0,2.3,0.2,2.0,2.3,2.0,0.9,0.0,0.9,2.5,9.2
Giorgi Bezhanishvili,SO,2019-20,F,Illinois,Big Ten,29,693,80,189,69,153,11,36,31,52,55,89,144,48,3,13,56,69,202,23.9,2.8,6.5,2.4,5.3,0.4,1.2,1.1,1.8,1.9,3.1,5.0,1.7,0.1,0.4,1.9,2.4,7.0
Da'Monte Williams,,2019-20,G,Illinois,Big Ten,29,613,21,68,12,28,9,40,20,28,15,93,108,38,20,10,20,39,71,21.1,0.7,2.3,0.4,1.0,0.3,1.4,0.7,1.0,0.5,3.2,3.7,1.3,0.7,0.3,0.7,1.3,2.4
Kamar Baldwin,SR,2019-20,G,Butler,Big East,29,909,169,409,131,285,38,124,79,93,14,118,132,97,34,17,57,53,455,31.3,5.8,14.1,4.5,9.8,1.3,4.3,2.7,3.2,0.5,4.1,4.6,3.3,1.2,0.6,2.0,1.8,15.7
Sean McDermott,SR,2019-20,F,Butler,Big East,29,953,112,235,50,78,62,157,57,64,29,145,174,27,20,11,19,38,343,32.9,3.9,8.1,1.7,2.7,2.1,5.4,2.0,2.2,1.0,5.0,6.0,0.9,0.7,0.4,0.7,1.3,11.8
Bryce Nze,JR,2019-20,F,Butler,Big East,29,832,115,186,114,182,1,4,38,64,70,120,190,40,25,19,58,72,269,28.7,4.0,6.4,3.9,6.3,0.0,0.1,1.3,2.2,2.4,4.1,6.6,1.4,0.9,0.7,2.0,2.5,9.3
Jordan Tucker,JR,2019-20,F,Butler,Big East,28,634,75,207,24,65,51,142,48,60,17,90,107,20,6,5,40,48,249,22.6,2.7,7.4,0.9,2.3,1.8,5.1,1.7,2.1,0.6,3.2,3.8,0.7,0.2,0.2,1.4,1.7,8.9
Bryce Golden,SO,2019-20,F,Butler,Big East,29,624,96,190,85,146,11,44,35,51,46,65,111,33,15,4,41,85,238,21.5,3.3,6.6,2.9,5.0,0.4,1.5,1.2,1.8,1.6,2.2,3.8,1.1,0.5,0.1,1.4,2.9,8.2
Aaron Thompson,JR,2019-20,G,Butler,Big East,25,803,65,138,64,125,1,13,39,67,8,67,75,119,20,13,47,66,170,32.1,2.6,5.5,2.6,5.0,0.0,0.5,1.6,2.7,0.3,2.7,3.0,4.8,0.8,0.5,1.9,2.6,6.8
Samir Doughty,SR,2019-20,G,Auburn,SEC,29,968,139,345,91,185,48,160,134,176,26,91,117,79,31,4,67,73,460,33.4,4.8,11.9,3.1,6.4,1.7,5.5,4.6,6.1,0.9,3.1,4.0,2.7,1.1,0.1,2.3,2.5,15.9
J'Von McCormick,SR,2019-20,G,Auburn,SEC,29,908,120,313,84,190,36,123,67,115,29,86,115,126,32,2,68,71,343,31.3,4.1,10.8,2.9,6.6,1.2,4.2,2.3,4.0,1.0,3.0,4.0,4.3,1.1,0.1,2.3,2.4,11.8
Isaac Okoro,FR,2019-20,F,Auburn,SEC,26,829,117,230,99,166,18,64,82,125,51,67,118,54,25,24,52,68,334,31.9,4.5,8.8,3.8,6.4,0.7,2.5,3.2,4.8,2.0,2.6,4.5,2.1,1.0,0.9,2.0,2.6,12.8
Austin Wiley,SR,2019-20,C,Auburn,SEC,29,622,99,174,99,173,0,1,110,162,105,169,274,15,14,46,50,74,308,21.4,3.4,6.0,3.4,6.0,0.0,0.0,3.8,5.6,3.6,5.8,9.4,0.5,0.5,1.6,1.7,2.6,10.6
Danjel Purifoy,SR,2019-20,F,Auburn,SEC,28,747,78,203,38,69,40,134,45,54,34,90,124,40,24,8,30,46,241,26.7,2.8,7.3,1.4,2.5,1.4,4.8,1.6,1.9,1.2,3.2,4.4,1.4,0.9,0.3,1.1,1.6,8.6
Anfernee McLemore,SR,2019-20,F,Auburn,SEC,29,597,72,161,46,72,26,89,37,56,36,93,129,13,22,33,28,81,207,20.6,2.5,5.6,1.6,2.5,0.9,3.1,1.3,1.9,1.2,3.2,4.4,0.4,0.8,1.1,1.0,2.8,7.1
Oscar Da Silva,JR,2019-20,F,Stanford,Pac-12,28,794,172,293,159,253,13,40,95,124,50,131,181,46,34,24,74,75,452,28.4,6.1,10.5,5.7,9.0,0.5,1.4,3.4,4.4,1.8,4.7,6.5,1.6,1.2,0.9,2.6,2.7,16.1
Tyrell Terry,FR,2019-20,G,Stanford,Pac-12,28,910,140,306,80,162,60,144,89,99,8,115,123,87,41,1,75,55,429,32.5,5.0,10.9,2.9,5.8,2.1,5.1,3.2,3.5,0.3,4.1,4.4,3.1,1.5,0.0,2.7,2.0,15.3
Spencer Jones,FR,2019-20,F,Stanford,Pac-12,29,849,86,208,12,33,74,175,13,20,16,84,100,26,17,27,22,52,259,29.3,3.0,7.2,0.4,1.1,2.6,6.0,0.4,0.7,0.6,2.9,3.4,0.9,0.6,0.9,0.8,1.8,8.9
Daejon Davis,JR,2019-20,G,Stanford,Pac-12,29,943,94,230,72,155,22,75,33,55,10,81,91,102,48,12,76,69,243,32.5,3.2,7.9,2.5,5.3,0.8,2.6,1.1,1.9,0.3,2.8,3.1,3.5,1.7,0.4,2.6,2.4,8.4
Bryce Wills,SO,2019-20,G,Stanford,Pac-12,28,812,84,177,79,149,5,28,33,59,9,107,116,57,28,20,54,53,206,29.0,3.0,6.3,2.8,5.3,0.2,1.0,1.2,2.1,0.3,3.8,4.1,2.0,1.0,0.7,1.9,1.9,7.4
Keyontae Johnson,SO,2019-20,F,Florida,SEC,29,896,153,283,125,209,28,74,71,91,52,155,207,44,34,9,51,80,405,30.9,5.3,9.8,4.3,7.2,1.0,2.6,2.4,3.1,1.8,5.3,7.1,1.5,1.2,0.3,1.8,2.8,14.0
Kerry Blackshear Jr.,SR,2019-20,F,Florida,SEC,29,799,110,246,85,168,25,78,143,178,71,149,220,47,18,19,53,94,388,27.6,3.8,8.5,2.9,5.8,0.9,2.7,4.9,6.1,2.4,5.1,7.6,1.6,0.6,0.7,1.8,3.2,13.4
Andrew Nembhard,SO,2019-20,G,Florida,SEC,29,960,125,284,95,184,30,100,52,67,3,84,87,159,30,2,78,43,332,33.1,4.3,9.8,3.3,6.3,1.0,3.4,1.8,2.3,0.1,2.9,3.0,5.5,1.0,0.1,2.7,1.5,11.4
Noah Locke,SO,2019-20,G,Florida,SEC,29,859,103,245,30,77,73,168,19,27,4,67,71,20,20,1,20,28,298,29.6,3.6,8.4,1.0,2.7,2.5,5.8,0.7,0.9,0.1,2.3,2.4,0.7,0.7,0.0,0.7,1.0,10.3
Scottie Lewis,FR,2019-20,G,Florida,SEC,28,801,74,170,54,115,20,55,57,70,28,78,106,21,34,34,33,62,225,28.6,2.6,6.1,1.9,4.1,0.7,2.0,2.0,2.5,1.0,2.8,3.8,0.8,1.2,1.2,1.2,2.2,8.0
Trayce Jackson-Davis,FR,2019-20,F,Indiana,Big Ten,29,846,144,251,144,251,0,0,110,160,88,147,235,36,20,55,39,57,398,29.2,5.0,8.7,5.0,8.7,0.0,0.0,3.8,5.5,3.0,5.1,8.1,1.2,0.7,1.9,1.3,2.0,13.7
Justin Smith,JR,2019-20,F,Indiana,Big Ten,29,883,114,233,105,198,9,35,68,102,59,97,156,26,28,10,48,62,305,30.4,3.9,8.0,3.6,6.8,0.3,1.2,2.3,3.5,2.0,3.3,5.4,0.9,1.0,0.3,1.7,2.1,10.5
Aljami Durham,JR,2019-20,G,Indiana,Big Ten,29,762,83,193,52,108,31,85,84,104,5,56,61,71,17,9,54,63,281,26.3,2.9,6.7,1.8,3.7,1.1,2.9,2.9,3.6,0.2,1.9,2.1,2.4,0.6,0.3,1.9,2.2,9.7
Devonte Green,SR,2019-20,G,Indiana,Big Ten,26,580,89,245,36,102,53,143,46,63,8,62,70,55,19,5,49,29,277,22.3,3.4,9.4,1.4,3.9,2.0,5.5,1.8,2.4,0.3,2.4,2.7,2.1,0.7,0.2,1.9,1.1,10.7
Rob Phinisee,SO,2019-20,G,Indiana,Big Ten,24,561,58,160,36,97,22,63,34,46,3,56,59,74,25,6,49,52,172,23.4,2.4,6.7,1.5,4.0,0.9,2.6,1.4,1.9,0.1,2.3,2.5,3.1,1.0,0.3,2.0,2.2,7.2
Sam Merrill,SR,2019-20,G,Utah State,MWC,29,1007,166,371,88,180,78,191,136,151,7,112,119,117,24,3,45,69,546,34.7,5.7,12.8,3.0,6.2,2.7,6.6,4.7,5.2,0.2,3.9,4.1,4.0,0.8,0.1,1.6,2.4,18.8
Justin Bean,SO,2019-20,F,Utah State,MWC,31,916,148,280,140,255,8,25,78,96,113,206,319,64,48,24,45,65,382,29.5,4.8,9.0,4.5,8.2,0.3,0.8,2.5,3.1,3.6,6.6,10.3,2.1,1.5,0.8,1.5,2.1,12.3
Brock Miller,SO,2019-20,G,Utah State,MWC,31,830,94,267,37,80,57,187,18,20,18,58,76,31,16,1,33,50,263,26.8,3.0,8.6,1.2,2.6,1.8,6.0,0.6,0.6,0.6,1.9,2.5,1.0,0.5,0.0,1.1,1.6,8.5
Diogo Brito,SR,2019-20,G,Utah State,MWC,31,845,88,229,55,109,33,120,53,63,20,119,139,87,46,8,54,55,262,27.3,2.8,7.4,1.8,3.5,1.1,3.9,1.7,2.0,0.6,3.8,4.5,2.8,1.5,0.3,1.7,1.8,8.5
Neemias Queta,SO,2019-20,C,Utah State,MWC,19,494,91,146,90,145,1,1,59,83,39,111,150,36,5,29,54,42,242,26.0,4.8,7.7,4.7,7.6,0.1,0.1,3.1,4.4,2.1,5.8,7.9,1.9,0.3,1.5,2.8,2.2,12.7
Abel Porter,JR,2019-20,G,Utah State,MWC,31,826,56,147,34,75,22,72,54,71,8,71,79,105,20,2,54,70,188,26.6,1.8,4.7,1.1,2.4,0.7,2.3,1.7,2.3,0.3,2.3,2.5,3.4,0.6,0.1,1.7,2.3,6.1
Skylar Mays,SR,2019-20,G,Louisiana State,SEC,29,992,155,316,112,201,43,115,117,138,15,130,145,94,54,7,66,49,470,34.2,5.3,10.9,3.9,6.9,1.5,4.0,4.0,4.8,0.5,4.5,5.0,3.2,1.9,0.2,2.3,1.7,16.2
Trendon Watford,FR,2019-20,F,Louisiana State,SEC,29,914,148,303,132,241,16,62,82,122,64,143,207,48,25,21,77,61,394,31.5,5.1,10.4,4.6,8.3,0.6,2.1,2.8,4.2,2.2,4.9,7.1,1.7,0.9,0.7,2.7,2.1,13.6
Emmitt Williams,SO,2019-20,F,Louisiana State,SEC,29,822,136,246,130,229,6,17,110,140,71,122,193,32,23,37,56,78,388,28.3,4.7,8.5,4.5,7.9,0.2,0.6,3.8,4.8,2.4,4.2,6.7,1.1,0.8,1.3,1.9,2.7,13.4
Ja'vonte Smart,SO,2019-20,G,Louisiana State,SEC,29,995,132,316,90,184,42,132,54,67,18,77,95,118,31,4,67,48,360,34.3,4.6,10.9,3.1,6.3,1.4,4.6,1.9,2.3,0.6,2.7,3.3,4.1,1.1,0.1,2.3,1.7,12.4
Darius Days,SO,2019-20,F,Louisiana State,SEC,29,716,123,254,84,123,39,131,55,70,78,131,209,25,18,10,30,85,340,24.7,4.2,8.8,2.9,4.2,1.3,4.5,1.9,2.4,2.7,4.5,7.2,0.9,0.6,0.3,1.0,2.9,11.7
Charles Manning Jr.,JR,2019-20,G,Louisiana State,SEC,19,428,60,120,47,88,13,32,17,25,13,47,60,20,10,20,20,33,150,22.5,3.2,6.3,2.5,4.6,0.7,1.7,0.9,1.3,0.7,2.5,3.2,1.1,0.5,1.1,1.1,1.7,7.9
Marlon Taylor,SR,2019-20,G,Louisiana State,SEC,19,430,24,74,15,47,9,27,33,42,29,45,74,13,11,5,16,45,90,22.6,1.3,3.9,0.8,2.5,0.5,1.4,1.7,2.2,1.5,2.4,3.9,0.7,0.6,0.3,0.8,2.4,4.7
Brady Manek,JR,2019-20,F,Oklahoma,Big 12,29,888,154,330,85,153,69,177,54,69,40,142,182,26,13,34,24,46,431,30.6,5.3,11.4,2.9,5.3,2.4,6.1,1.9,2.4,1.4,4.9,6.3,0.9,0.4,1.2,0.8,1.6,14.9
Kristian Doolittle,SR,2019-20,F,Oklahoma,Big 12,27,880,157,355,130,281,27,74,82,102,53,185,238,55,34,11,58,45,423,32.6,5.8,13.1,4.8,10.4,1.0,2.7,3.0,3.8,2.0,6.9,8.8,2.0,1.3,0.4,2.1,1.7,15.7
Austin Reaves,JR,2019-20,G,Oklahoma,Big 12,29,955,121,329,82,179,39,150,121,145,19,131,150,86,28,4,67,55,402,32.9,4.2,11.3,2.8,6.2,1.3,5.2,4.2,5.0,0.7,4.5,5.2,3.0,1.0,0.1,2.3,1.9,13.9
De'Vion Harmon,FR,2019-20,G,Oklahoma,Big 12,29,812,74,198,41,103,33,95,40,57,5,45,50,58,32,3,38,35,221,28.0,2.6,6.8,1.4,3.6,1.1,3.3,1.4,2.0,0.2,1.6,1.7,2.0,1.1,0.1,1.3,1.2,7.6
Jamal Bieniemy,SO,2019-20,G,Oklahoma,Big 12,29,936,60,166,37,79,23,87,19,24,19,101,120,82,33,5,42,51,162,32.3,2.1,5.7,1.3,2.7,0.8,3.0,0.7,0.8,0.7,3.5,4.1,2.8,1.1,0.2,1.4,1.8,5.6
Mason Jones,JR,2019-20,G,Arkansas,SEC,28,948,167,381,113,211,54,170,207,250,21,138,159,96,43,5,90,89,595,33.9,6.0,13.6,4.0,7.5,1.9,6.1,7.4,8.9,0.8,4.9,5.7,3.4,1.5,0.2,3.2,3.2,21.3
Jimmy Whitt,SR,2019-20,G,Arkansas,SEC,29,1070,163,335,163,333,0,2,75,107,37,100,137,57,40,13,39,66,401,36.9,5.6,11.6,5.6,11.5,0.0,0.1,2.6,3.7,1.3,3.4,4.7,2.0,1.4,0.4,1.3,2.3,13.8
Isaiah Joe,SO,2019-20,G,Arkansas,SEC,23,830,118,320,35,80,83,240,69,79,13,82,95,43,36,6,39,37,388,36.1,5.1,13.9,1.5,3.5,3.6,10.4,3.0,3.4,0.6,3.6,4.1,1.9,1.6,0.3,1.7,1.6,16.9
Desi Sills,SO,2019-20,G,Arkansas,SEC,29,914,107,254,67,126,40,128,49,75,17,71,88,33,30,4,40,87,303,31.5,3.7,8.8,2.3,4.3,1.4,4.4,1.7,2.6,0.6,2.4,3.0,1.1,1.0,0.1,1.4,3.0,10.4
Adrio Bailey,SR,2019-20,F,Arkansas,SEC,29,686,76,152,61,116,15,36,32,61,33,98,131,17,38,41,36,98,199,23.7,2.6,5.2,2.1,4.0,0.5,1.2,1.1,2.1,1.1,3.4,4.5,0.6,1.3,1.4,1.2,3.4,6.9
Jalen Harris,JR,2019-20,G,Arkansas,SEC,29,716,37,100,21,44,16,56,36,49,10,57,67,68,27,7,41,75,126,24.7,1.3,3.4,0.7,1.5,0.6,1.9,1.2,1.7,0.3,2.0,2.3,2.3,0.9,0.2,1.4,2.6,4.3
Erik Stevenson,SO,2019-20,G,Wichita State,AAC,29,723,108,289,58,127,50,162,58,75,14,122,136,68,45,9,49,73,324,24.9,3.7,10.0,2.0,4.4,1.7,5.6,2.0,2.6,0.5,4.2,4.7,2.3,1.6,0.3,1.7,2.5,11.2
Jamarius Burton,SO,2019-20,G,Wichita State,AAC,28,754,104,237,86,184,18,53,56,87,39,59,98,94,22,4,63,46,282,26.9,3.7,8.5,3.1,6.6,0.6,1.9,2.0,3.1,1.4,2.1,3.5,3.4,0.8,0.1,2.3,1.6,10.1
Tyson Etienne,FR,2019-20,G,Wichita State,AAC,29,711,83,214,23,63,60,151,56,70,12,48,60,40,35,3,26,55,282,24.5,2.9,7.4,0.8,2.2,2.1,5.2,1.9,2.4,0.4,1.7,2.1,1.4,1.2,0.1,0.9,1.9,9.7
Jaime Echenique,SR,2019-20,C,Wichita State,AAC,25,579,100,209,96,190,4,19,76,97,49,132,181,15,14,40,35,68,280,23.2,4.0,8.4,3.8,7.6,0.2,0.8,3.0,3.9,2.0,5.3,7.2,0.6,0.6,1.6,1.4,2.7,11.2
Dexter Dennis,SO,2019-20,G,Wichita State,AAC,26,668,80,227,32,87,48,140,29,34,39,90,129,29,13,10,27,58,237,25.7,3.1,8.7,1.2,3.3,1.8,5.4,1.1,1.3,1.5,3.5,5.0,1.1,0.5,0.4,1.0,2.2,9.1
Grant Sherfield,FR,2019-20,G,Wichita State,AAC,28,705,69,198,49,126,20,72,66,87,9,72,81,82,25,3,51,39,224,25.2,2.5,7.1,1.8,4.5,0.7,2.6,2.4,3.1,0.3,2.6,2.9,2.9,0.9,0.1,1.8,1.4,8.0
Trey Wade,JR,2019-20,F,Wichita State,AAC,29,672,82,189,61,126,21,63,34,58,59,95,154,40,20,13,29,42,219,23.2,2.8,6.5,2.1,4.3,0.7,2.2,1.2,2.0,2.0,3.3,5.3,1.4,0.7,0.4,1.0,1.4,7.6
Naji Marshall,JR,2019-20,F,Xavier,Big East,28,987,168,380,124,242,44,138,81,117,32,145,177,109,35,12,92,74,461,35.3,6.0,13.6,4.4,8.6,1.6,4.9,2.9,4.2,1.1,5.2,6.3,3.9,1.3,0.4,3.3,2.6,16.5
Tyrique Jones,SR,2019-20,F,Xavier,Big East,29,807,154,280,154,280,0,0,94,157,127,197,324,42,28,32,54,69,402,27.8,5.3,9.7,5.3,9.7,0.0,0.0,3.2,5.4,4.4,6.8,11.2,1.4,1.0,1.1,1.9,2.4,13.9
Paul Scruggs,JR,2019-20,G,Xavier,Big East,28,932,136,294,92,176,44,118,40,54,28,97,125,81,34,12,79,89,356,33.3,4.9,10.5,3.3,6.3,1.6,4.2,1.4,1.9,1.0,3.5,4.5,2.9,1.2,0.4,2.8,3.2,12.7
Jason Carter,JR,2019-20,F,Xavier,Big East,29,836,74,187,57,130,17,57,32,44,50,96,146,43,19,21,47,53,197,28.8,2.6,6.4,2.0,4.5,0.6,2.0,1.1,1.5,1.7,3.3,5.0,1.5,0.7,0.7,1.6,1.8,6.8
Quentin Goodin,SR,2019-20,G,Xavier,Big East,27,720,56,167,33,81,23,86,30,49,7,51,58,89,23,3,53,53,165,26.7,2.1,6.2,1.2,3.0,0.9,3.2,1.1,1.8,0.3,1.9,2.1,3.3,0.9,0.1,2.0,2.0,6.1
Jordan Ford,SR,2019-20,G,Saint Mary's (CA),WCC,31,1168,239,489,162,302,77,187,101,123,19,74,93,73,43,1,46,33,656,37.7,7.7,15.8,5.2,9.7,2.5,6.0,3.3,4.0,0.6,2.4,3.0,2.4,1.4,0.0,1.5,1.1,21.2
Malik Fitts,JR,2019-20,F,Saint Mary's (CA),WCC,31,1055,180,371,122,231,58,140,106,130,30,189,219,41,43,10,59,80,524,34.0,5.8,12.0,3.9,7.5,1.9,4.5,3.4,4.2,1.0,6.1,7.1,1.3,1.4,0.3,1.9,2.6,16.9
Tanner Krebs,SR,2019-20,G,Saint Mary's (CA),WCC,30,913,101,234,48,105,53,129,39,45,27,97,124,24,31,10,30,59,294,30.4,3.4,7.8,1.6,3.5,1.8,4.3,1.3,1.5,0.9,3.2,4.1,0.8,1.0,0.3,1.0,2.0,9.8
Dan Fotu,SO,2019-20,F,Saint Mary's (CA),WCC,31,621,80,123,80,121,0,2,35,53,33,72,105,21,18,8,21,88,195,20.0,2.6,4.0,2.6,3.9,0.0,0.1,1.1,1.7,1.1,2.3,3.4,0.7,0.6,0.3,0.7,2.8,6.3
Tommy Kuhse,JR,2019-20,G,Saint Mary's (CA),WCC,30,764,57,148,43,103,14,45,41,58,15,80,95,114,17,3,47,62,169,25.5,1.9,4.9,1.4,3.4,0.5,1.5,1.4,1.9,0.5,2.7,3.2,3.8,0.6,0.1,1.6,2.1,5.6
Matthias Tass,SO,2019-20,F,Saint Mary's (CA),WCC,14,327,39,73,39,73,0,0,15,20,12,39,51,31,8,18,15,30,93,23.4,2.8,5.2,2.8,5.2,0.0,0.0,1.1,1.4,0.9,2.8,3.6,2.2,0.6,1.3,1.1,2.1,6.6
Kira Lewis Jr.,SO,2019-20,G,Alabama,SEC,29,1088,190,415,137,272,53,143,92,117,24,120,144,150,54,17,101,76,525,37.5,6.6,14.3,4.7,9.4,1.8,4.9,3.2,4.0,0.8,4.1,5.0,5.2,1.9,0.6,3.5,2.6,18.1
Jaden Shackelford,FR,2019-20,G,Alabama,SEC,29,843,137,332,58,114,79,218,82,106,36,94,130,43,15,5,44,46,435,29.1,4.7,11.4,2.0,3.9,2.7,7.5,2.8,3.7,1.2,3.2,4.5,1.5,0.5,0.2,1.5,1.6,15.0
John Petty,JR,2019-20,G,Alabama,SEC,28,937,139,296,54,107,85,189,57,84,38,147,185,72,32,19,71,51,420,33.5,5.0,10.6,1.9,3.8,3.0,6.8,2.0,3.0,1.4,5.3,6.6,2.6,1.1,0.7,2.5,1.8,15.0
Alex Reese,JR,2019-20,F,Alabama,SEC,29,667,94,231,44,72,50,159,31,46,31,106,137,31,13,29,45,52,269,23.0,3.2,8.0,1.5,2.5,1.7,5.5,1.1,1.6,1.1,3.7,4.7,1.1,0.4,1.0,1.6,1.8,9.3
Herb Jones,JR,2019-20,F,Alabama,SEC,25,662,74,153,73,139,1,14,61,96,49,113,162,60,31,19,49,88,210,26.5,3.0,6.1,2.9,5.6,0.0,0.6,2.4,3.8,2.0,4.5,6.5,2.4,1.2,0.8,2.0,3.5,8.4
James Bolden,SR,2019-20,G,Alabama,SEC,25,538,61,183,26,77,35,106,46,55,21,35,56,31,14,4,36,82,203,21.5,2.4,7.3,1.0,3.1,1.4,4.2,1.8,2.2,0.8,1.4,2.2,1.2,0.6,0.2,1.4,3.3,8.1
Jarron Cumberland,SR,2019-20,G,Cincinnati,AAC,26,839,111,289,68,151,43,138,134,179,15,81,96,126,28,16,97,57,399,32.3,4.3,11.1,2.6,5.8,1.7,5.3,5.2,6.9,0.6,3.1,3.7,4.8,1.1,0.6,3.7,2.2,15.3
Keith Williams,JR,2019-20,G,Cincinnati,AAC,28,800,119,285,95,213,24,72,76,96,41,93,134,45,33,25,49,79,338,28.6,4.3,10.2,3.4,7.6,0.9,2.6,2.7,3.4,1.5,3.3,4.8,1.6,1.2,0.9,1.8,2.8,12.1
Chris Vogt,JR,2019-20,C,Cincinnati,AAC,28,818,132,204,132,204,0,0,56,97,74,96,170,23,10,45,47,88,320,29.2,4.7,7.3,4.7,7.3,0.0,0.0,2.0,3.5,2.6,3.4,6.1,0.8,0.4,1.6,1.7,3.1,11.4
Tre Scott,SR,2019-20,F,Cincinnati,AAC,28,936,127,256,111,202,16,54,46,74,80,213,293,60,44,24,60,51,316,33.4,4.5,9.1,4.0,7.2,0.6,1.9,1.6,2.6,2.9,7.6,10.5,2.1,1.6,0.9,2.1,1.8,11.3
Jaevin Cumberland,SR,2019-20,G,Cincinnati,AAC,28,605,80,220,19,45,61,175,29,43,5,37,42,38,12,2,31,38,250,21.6,2.9,7.9,0.7,1.6,2.2,6.3,1.0,1.5,0.2,1.3,1.5,1.4,0.4,0.1,1.1,1.4,8.9
Mika Adams-Woods,FR,2019-20,G,Cincinnati,AAC,27,582,46,105,25,50,21,55,26,33,8,54,62,42,17,6,30,54,139,21.6,1.7,3.9,0.9,1.9,0.8,2.0,1.0,1.2,0.3,2.0,2.3,1.6,0.6,0.2,1.1,2.0,5.1
Alpha Diallo,SR,2019-20,G,Providence,Big East,29,944,139,343,111,251,28,92,88,143,97,132,229,69,48,28,87,77,394,32.6,4.8,11.8,3.8,8.7,1.0,3.2,3.0,4.9,3.3,4.6,7.9,2.4,1.7,1.0,3.0,2.7,13.6
David Duke,SO,2019-20,G,Providence,Big East,29,927,106,267,68,176,38,91,90,113,23,102,125,95,40,10,65,86,340,32.0,3.7,9.2,2.3,6.1,1.3,3.1,3.1,3.9,0.8,3.5,4.3,3.3,1.4,0.3,2.2,3.0,11.7
Luwane Pipkins,SR,2019-20,G,Providence,Big East,29,758,90,253,36,86,54,167,67,74,11,73,84,83,32,2,57,52,301,26.1,3.1,8.7,1.2,3.0,1.9,5.8,2.3,2.6,0.4,2.5,2.9,2.9,1.1,0.1,2.0,1.8,10.4
Maliek White,SR,2019-20,G,Providence,Big East,29,771,78,227,48,113,30,114,46,64,6,53,59,75,30,2,55,62,232,26.6,2.7,7.8,1.7,3.9,1.0,3.9,1.6,2.2,0.2,1.8,2.0,2.6,1.0,0.1,1.9,2.1,8.0
A.J. Reeves,SO,2019-20,G,Providence,Big East,26,550,62,171,29,70,33,101,23,34,19,58,77,29,22,6,32,42,180,21.2,2.4,6.6,1.1,2.7,1.3,3.9,0.9,1.3,0.7,2.2,3.0,1.1,0.8,0.2,1.2,1.6,6.9
Mamadi Diakite,SR,2019-20,F,Virginia,ACC,28,917,137,287,117,234,20,53,87,115,45,140,185,16,22,35,60,55,381,32.8,4.9,10.3,4.2,8.4,0.7,1.9,3.1,4.1,1.6,5.0,6.6,0.6,0.8,1.3,2.1,2.0,13.6
Kihei Clark,SO,2019-20,G,Virginia,ACC,28,1047,98,260,65,169,33,91,70,81,11,108,119,168,34,3,99,49,299,37.4,3.5,9.3,2.3,6.0,1.2,3.3,2.5,2.9,0.4,3.9,4.3,6.0,1.2,0.1,3.5,1.8,10.7
Braxton Key,SR,2019-20,G,Virginia,ACC,25,832,97,220,85,159,12,61,49,83,44,140,184,43,32,15,46,42,255,33.3,3.9,8.8,3.4,6.4,0.5,2.4,2.0,3.3,1.8,5.6,7.4,1.7,1.3,0.6,1.8,1.7,10.2
Jay Huff,JR,2019-20,F,Virginia,ACC,28,680,95,163,80,119,15,44,23,45,55,117,172,23,10,59,30,69,228,24.3,3.4,5.8,2.9,4.3,0.5,1.6,0.8,1.6,2.0,4.2,6.1,0.8,0.4,2.1,1.1,2.5,8.1
Thomas Woldetensae,JR,2019-20,G,Virginia,ACC,27,717,64,177,13,40,51,137,8,9,4,56,60,31,18,7,29,50,187,26.6,2.4,6.6,0.5,1.5,1.9,5.1,0.3,0.3,0.1,2.1,2.2,1.1,0.7,0.3,1.1,1.9,6.9
Casey Morsell,FR,2019-20,G,Virginia,ACC,28,631,45,163,30,79,15,84,12,14,8,43,51,22,17,4,23,48,117,22.5,1.6,5.8,1.1,2.8,0.5,3.0,0.4,0.5,0.3,1.5,1.8,0.8,0.6,0.1,0.8,1.7,4.2
Kody Stattmann,SO,2019-20,G,Virginia,ACC,22,486,32,96,19,45,13,51,6,9,10,46,56,16,8,10,20,22,83,22.1,1.5,4.4,0.9,2.0,0.6,2.3,0.3,0.4,0.5,2.1,2.5,0.7,0.4,0.5,0.9,1.0,3.8
Breein Tyree,SR,2019-20,G,Mississippi,SEC,28,956,183,428,123,264,60,164,136,167,9,92,101,71,36,3,65,60,562,34.1,6.5,15.3,4.4,9.4,2.1,5.9,4.9,6.0,0.3,3.3,3.6,2.5,1.3,0.1,2.3,2.1,20.1
Devontae Shuler,JR,2019-20,G,Mississippi,SEC,29,961,119,283,76,167,43,116,56,86,21,117,138,101,50,8,56,55,337,33.1,4.1,9.8,2.6,5.8,1.5,4.0,1.9,3.0,0.7,4.0,4.8,3.5,1.7,0.3,1.9,1.9,11.6
KJ Buffen,SO,2019-20,F,Mississippi,SEC,29,831,112,217,108,197,4,20,65,94,58,114,172,46,43,26,44,90,293,28.7,3.9,7.5,3.7,6.8,0.1,0.7,2.2,3.2,2.0,3.9,5.9,1.6,1.5,0.9,1.5,3.1,10.1
Blake Hinson,SO,2019-20,G,Mississippi,SEC,25,785,88,216,47,94,41,122,40,57,31,88,119,38,15,8,57,77,257,31.4,3.5,8.6,1.9,3.8,1.6,4.9,1.6,2.3,1.2,3.5,4.8,1.5,0.6,0.3,2.3,3.1,10.3
Khadim Sy,JR,2019-20,F,Mississippi,SEC,28,660,96,188,89,163,7,25,54,76,45,111,156,21,17,20,47,102,253,23.6,3.4,6.7,3.2,5.8,0.3,0.9,1.9,2.7,1.6,4.0,5.6,0.8,0.6,0.7,1.7,3.6,9.0
Luis Rodriguez,SO,2019-20,G,Mississippi,SEC,5,112,9,24,9,17,0,7,11,16,11,15,26,13,5,2,3,5,29,22.4,1.8,4.8,1.8,3.4,0.0,1.4,2.2,3.2,2.2,3.0,5.2,2.6,1.0,0.4,0.6,1.0,5.8
Isaiah Stewart,FR,2019-20,F,Washington,Pac-12,29,930,170,306,166,287,4,19,140,184,79,171,250,26,13,61,66,77,484,32.1,5.9,10.6,5.7,9.9,0.1,0.7,4.8,6.3,2.7,5.9,8.6,0.9,0.4,2.1,2.3,2.7,16.7
Nahziah Carter,JR,2019-20,G,Washington,Pac-12,29,911,132,299,92,191,40,108,56,92,32,116,148,44,43,25,67,85,360,31.4,4.6,10.3,3.2,6.6,1.4,3.7,1.9,3.2,1.1,4.0,5.1,1.5,1.5,0.9,2.3,2.9,12.4
Jaden McDaniels,FR,2019-20,F,Washington,Pac-12,28,866,121,300,83,188,38,112,76,101,28,135,163,58,20,38,92,95,356,30.9,4.3,10.7,3.0,6.7,1.4,4.0,2.7,3.6,1.0,4.8,5.8,2.1,0.7,1.4,3.3,3.4,12.7
Quade Green,SO,2019-20,G,Washington,Pac-12,15,456,56,109,35,62,21,47,41,49,10,29,39,79,16,0,35,22,174,30.4,3.7,7.3,2.3,4.1,1.4,3.1,2.7,3.3,0.7,1.9,2.6,5.3,1.1,0.0,2.3,1.5,11.6
Hameir Wright,JR,2019-20,F,Washington,Pac-12,28,752,46,135,11,33,35,102,34,54,26,92,118,51,23,26,54,79,161,26.9,1.6,4.8,0.4,1.2,1.3,3.6,1.2,1.9,0.9,3.3,4.2,1.8,0.8,0.9,1.9,2.8,5.8
Jamal Bey,SO,2019-20,G,Washington,Pac-12,29,698,53,143,36,75,17,68,33,49,14,57,71,31,43,8,33,44,156,24.1,1.8,4.9,1.2,2.6,0.6,2.3,1.1,1.7,0.5,2.0,2.4,1.1,1.5,0.3,1.1,1.5,5.4
Marcus Tsohonis,FR,2019-20,G,Washington,Pac-12,15,353,42,100,24,58,18,42,10,18,8,17,25,33,9,3,23,13,112,23.5,2.8,6.7,1.6,3.9,1.2,2.8,0.7,1.2,0.5,1.1,1.7,2.2,0.6,0.2,1.5,0.9,7.5
Precious Achiuwa,FR,2019-20,F,Memphis,AAC,29,868,169,338,158,303,11,35,101,173,85,218,303,27,32,54,85,70,450,29.9,5.8,11.7,5.4,10.4,0.4,1.2,3.5,6.0,2.9,7.5,10.4,0.9,1.1,1.9,2.9,2.4,15.5
Lester Quinones,FR,2019-20,G,Memphis,AAC,24,697,70,173,37,70,33,103,83,103,19,67,86,54,15,3,53,56,256,29.0,2.9,7.2,1.5,2.9,1.4,4.3,3.5,4.3,0.8,2.8,3.6,2.3,0.6,0.1,2.2,2.3,10.7
Tyler Harris,SO,2019-20,G,Memphis,AAC,29,592,79,217,25,66,54,151,36,42,5,44,49,20,14,1,41,38,248,20.4,2.7,7.5,0.9,2.3,1.9,5.2,1.2,1.4,0.2,1.5,1.7,0.7,0.5,0.0,1.4,1.3,8.6
Boogie Ellis,FR,2019-20,G,Memphis,AAC,29,702,74,216,39,112,35,104,57,83,12,82,94,41,36,4,41,65,240,24.2,2.6,7.4,1.3,3.9,1.2,3.6,2.0,2.9,0.4,2.8,3.2,1.4,1.2,0.1,1.4,2.2,8.3
D.J. Jeffries,FR,2019-20,F,Memphis,AAC,19,514,82,160,66,119,16,41,26,35,19,63,82,28,14,21,33,50,206,27.1,4.3,8.4,3.5,6.3,0.8,2.2,1.4,1.8,1.0,3.3,4.3,1.5,0.7,1.1,1.7,2.6,10.8
Alex Lomax,SO,2019-20,G,Memphis,AAC,29,694,65,143,57,124,8,19,58,77,24,79,103,123,46,10,72,62,196,23.9,2.2,4.9,2.0,4.3,0.3,0.7,2.0,2.7,0.8,2.7,3.6,4.2,1.6,0.3,2.5,2.1,6.8
Damion Baugh,FR,2019-20,G,Memphis,AAC,29,616,49,110,44,93,5,17,23,41,25,82,107,85,35,8,65,71,126,21.2,1.7,3.8,1.5,3.2,0.2,0.6,0.8,1.4,0.9,2.8,3.7,2.9,1.2,0.3,2.2,2.4,4.3
James Wiseman,FR,2019-20,C,Memphis,AAC,3,69,20,26,20,25,0,1,19,27,13,19,32,1,1,9,3,5,59,23.0,6.7,8.7,6.7,8.3,0.0,0.3,6.3,9.0,4.3,6.3,10.7,0.3,0.3,3.0,1.0,1.7,19.7
Elijah Hughes,JR,2019-20,F,Syracuse,ACC,29,1078,175,415,105,210,70,205,126,155,12,134,146,106,34,25,68,50,546,37.2,6.0,14.3,3.6,7.2,2.4,7.1,4.3,5.3,0.4,4.6,5.0,3.7,1.2,0.9,2.3,1.7,18.8
Buddy Boeheim,SO,2019-20,G,Syracuse,ACC,29,1025,162,397,72,160,90,237,27,37,12,45,57,62,27,5,43,47,441,35.3,5.6,13.7,2.5,5.5,3.1,8.2,0.9,1.3,0.4,1.6,2.0,2.1,0.9,0.2,1.5,1.6,15.2
Joseph Girard III,FR,2019-20,G,Syracuse,ACC,29,954,115,323,49,124,66,199,80,89,5,81,86,99,45,3,59,45,376,32.9,4.0,11.1,1.7,4.3,2.3,6.9,2.8,3.1,0.2,2.8,3.0,3.4,1.6,0.1,2.0,1.6,13.0
Marek Dolezaj,JR,2019-20,F,Syracuse,ACC,29,962,96,190,95,184,1,6,103,138,70,121,191,81,31,26,55,98,296,33.2,3.3,6.6,3.3,6.3,0.0,0.2,3.6,4.8,2.4,4.2,6.6,2.8,1.1,0.9,1.9,3.4,10.2
Quincy Guerrier,FR,2019-20,F,Syracuse,ACC,29,585,70,138,67,115,3,23,60,94,50,103,153,18,13,22,41,76,203,20.2,2.4,4.8,2.3,4.0,0.1,0.8,2.1,3.2,1.7,3.6,5.3,0.6,0.4,0.8,1.4,2.6,7.0
Bourama Sidibe,JR,2019-20,F,Syracuse,ACC,29,680,72,103,72,103,0,0,26,49,72,135,207,4,35,39,26,119,170,23.4,2.5,3.6,2.5,3.6,0.0,0.0,0.9,1.7,2.5,4.7,7.1,0.1,1.2,1.3,0.9,4.1,5.9
Onyeka Okongwu,FR,2019-20,F,Southern California,Pac-12,27,824,167,272,166,268,1,4,103,141,88,148,236,28,32,74,52,71,438,30.5,6.2,10.1,6.1,9.9,0.0,0.1,3.8,5.2,3.3,5.5,8.7,1.0,1.2,2.7,1.9,2.6,16.2
Jonah Mathews,SR,2019-20,G,Southern California,Pac-12,30,959,130,332,66,160,64,172,73,96,9,64,73,58,41,5,45,72,397,32.0,4.3,11.1,2.2,5.3,2.1,5.7,2.4,3.2,0.3,2.1,2.4,1.9,1.4,0.2,1.5,2.4,13.2
Nick Rakocevic,SR,2019-20,F,Southern California,Pac-12,30,816,124,266,115,245,9,21,64,101,79,172,251,47,37,29,56,81,321,27.2,4.1,8.9,3.8,8.2,0.3,0.7,2.1,3.4,2.6,5.7,8.4,1.6,1.2,1.0,1.9,2.7,10.7
Daniel Utomi,SR,2019-20,G,Southern California,Pac-12,30,735,81,194,38,71,43,123,46,62,22,93,115,23,8,6,42,47,251,24.5,2.7,6.5,1.3,2.4,1.4,4.1,1.5,2.1,0.7,3.1,3.8,0.8,0.3,0.2,1.4,1.6,8.4
Elijah Weaver,SO,2019-20,G,Southern California,Pac-12,30,666,73,178,48,100,25,78,32,58,2,72,74,56,15,1,57,44,203,22.2,2.4,5.9,1.6,3.3,0.8,2.6,1.1,1.9,0.1,2.4,2.5,1.9,0.5,0.0,1.9,1.5,6.8
Isaiah Mobley,FR,2019-20,F,Southern California,Pac-12,30,615,72,152,64,125,8,27,36,69,45,114,159,30,20,20,46,66,188,20.5,2.4,5.1,2.1,4.2,0.3,0.9,1.2,2.3,1.5,3.8,5.3,1.0,0.7,0.7,1.5,2.2,6.3
Ethan Anderson,FR,2019-20,G,Southern California,Pac-12,30,740,60,160,47,125,13,35,33,60,21,62,83,124,25,8,77,69,166,24.7,2.0,5.3,1.6,4.2,0.4,1.2,1.1,2.0,0.7,2.1,2.8,4.1,0.8,0.3,2.6,2.3,5.5
Remy Martin,JR,2019-20,G,Arizona State,Pac-12,29,973,197,443,137,272,60,171,115,150,13,78,91,115,46,1,92,45,569,33.6,6.8,15.3,4.7,9.4,2.1,5.9,4.0,5.2,0.4,2.7,3.1,4.0,1.6,0.0,3.2,1.6,19.6
Alonzo Verge Jr.,JR,2019-20,G,Arizona State,Pac-12,26,685,143,331,126,263,17,68,66,89,18,71,89,59,34,3,54,43,369,26.3,5.5,12.7,4.8,10.1,0.7,2.6,2.5,3.4,0.7,2.7,3.4,2.3,1.3,0.1,2.1,1.7,14.2
Rob Edwards,SR,2019-20,G,Arizona State,Pac-12,29,826,106,284,39,102,67,182,48,65,14,86,100,18,27,2,53,62,327,28.5,3.7,9.8,1.3,3.5,2.3,6.3,1.7,2.2,0.5,3.0,3.4,0.6,0.9,0.1,1.8,2.1,11.3
Romello White,JR,2019-20,F,Arizona State,Pac-12,28,801,107,183,107,183,0,0,73,110,77,178,255,26,13,33,57,70,287,28.6,3.8,6.5,3.8,6.5,0.0,0.0,2.6,3.9,2.8,6.4,9.1,0.9,0.5,1.2,2.0,2.5,10.3
Markell Johnson,SR,2019-20,G,North Carolina State,ACC,28,948,137,340,97,192,40,148,53,87,13,114,127,182,54,6,87,58,367,33.9,4.9,12.1,3.5,6.9,1.4,5.3,1.9,3.1,0.5,4.1,4.5,6.5,1.9,0.2,3.1,2.1,13.1
Devon Daniels,JR,2019-20,G,North Carolina State,ACC,29,896,138,300,111,220,27,80,56,79,27,122,149,65,49,12,59,74,359,30.9,4.8,10.3,3.8,7.6,0.9,2.8,1.9,2.7,0.9,4.2,5.1,2.2,1.7,0.4,2.0,2.6,12.4
DJ Funderburk,JR,2019-20,F,North Carolina State,ACC,27,694,126,209,122,192,4,17,87,113,65,98,163,8,24,19,40,82,343,25.7,4.7,7.7,4.5,7.1,0.1,0.6,3.2,4.2,2.4,3.6,6.0,0.3,0.9,0.7,1.5,3.0,12.7
C.J. Bryce,SR,2019-20,G,North Carolina State,ACC,25,849,126,280,100,201,26,79,57,73,42,114,156,51,31,5,57,63,335,34.0,5.0,11.2,4.0,8.0,1.0,3.2,2.3,2.9,1.7,4.6,6.2,2.0,1.2,0.2,2.3,2.5,13.4
Jericole Hellems,SO,2019-20,F,North Carolina State,ACC,28,720,97,233,64,136,33,97,48,62,39,61,100,27,17,7,41,81,275,25.7,3.5,8.3,2.3,4.9,1.2,3.5,1.7,2.2,1.4,2.2,3.6,1.0,0.6,0.3,1.5,2.9,9.8
Braxton Beverly,JR,2019-20,G,North Carolina State,ACC,29,723,66,181,23,60,43,121,23,31,6,42,48,34,17,0,25,52,198,24.9,2.3,6.2,0.8,2.1,1.5,4.2,0.8,1.1,0.2,1.4,1.7,1.2,0.6,0.0,0.9,1.8,6.8
Cameron McGriff,SR,2019-20,F,Oklahoma State,Big 12,29,858,114,259,89,178,25,81,91,109,61,134,195,36,9,8,55,75,344,29.6,3.9,8.9,3.1,6.1,0.9,2.8,3.1,3.8,2.1,4.6,6.7,1.2,0.3,0.3,1.9,2.6,11.9
Lindy Waters,SR,2019-20,G,Oklahoma State,Big 12,28,881,103,269,67,155,36,114,60,73,15,104,119,68,33,2,44,66,302,31.5,3.7,9.6,2.4,5.5,1.3,4.1,2.1,2.6,0.5,3.7,4.3,2.4,1.2,0.1,1.6,2.4,10.8
Isaac Likekele,SO,2019-20,G,Oklahoma State,Big 12,25,797,92,211,89,197,3,14,73,109,28,104,132,108,45,9,67,49,260,31.9,3.7,8.4,3.6,7.9,0.1,0.6,2.9,4.4,1.1,4.2,5.3,4.3,1.8,0.4,2.7
Thomas Dziagwa,SR,2019-20,G,Oklahoma State,Big 12,28,664,80,197,13,32,67,165,18,22,3,38,41,23,16,0,30,33,245,23.7,2.9,7.0,0.5,1.1,2.4,5.9,0.6,0.8,0.1,1.4,1.5,0.8,0.6,0.0,1.1,1.2,8.8
Yor Anei,SO,2019-20,F,Oklahoma State,Big 12,29,588,83,173,82,171,1,2,67,95,46,90,136,15,18,55,37,90,234,20.3,2.9,6.0,2.8,5.9,0.0,0.1,2.3,3.3,1.6,3.1,4.7,0.5,0.6,1.9,1.3,3.1,8.1
Jordan Bowden,SR,2019-20,G,Tennessee,SEC,29,992,132,344,85,180,47,164,85,103,14,103,117,76,29,10,47,64,396,34.2,4.6,11.9,2.9,6.2,1.6,5.7,2.9,3.6,0.5,3.6,4.0,2.6,1.0,0.3,1.6,2.2,13.7
John Fulkerson,JR,2019-20,F,Tennessee,SEC,29,859,141,230,140,228,1,2,97,131,58,112,170,37,33,26,54,87,380,29.6,4.9,7.9,4.8,7.9,0.0,0.1,3.3,4.5,2.0,3.9,5.9,1.3,1.1,0.9,1.9,3.0,13.1
Yves Pons,JR,2019-20,G,Tennessee,SEC,29,975,123,250,97,170,26,80,44,69,50,105,155,32,13,70,46,77,316,33.6,4.2,8.6,3.3,5.9,0.9,2.8,1.5,2.4,1.7,3.6,5.3,1.1,0.4,2.4,1.6,2.7,10.9
Santiago Vescovi,,2019-20,G,Tennessee,SEC,17,511,58,153,25,61,33,92,38,48,10,46,56,66,21,2,63,54,187,30.1,3.4,9.0,1.5,3.6,1.9,5.4,2.2,2.8,0.6,2.7,3.3,3.9,1.2,0.1,3.7,3.2,11.0
Josiah-Jordan James,FR,2019-20,G,Tennessee,SEC,25,753,62,169,36,98,26,71,31,40,26,113,139,73,20,22,63,61,181,30.1,2.5,6.8,1.4,3.9,1.0,2.8,1.2,1.6,1.0,4.5,5.6,2.9,0.8,0.9,2.5,2.4,7.2
Lamonte Turner,SR,2019-20,G,Tennessee,SEC,11,371,40,129,29,82,11,47,44,59,7,32,39,78,20,2,42,21,135,33.7,3.6,11.7,2.6,7.5,1.0,4.3,4.0,5.4,0.6,2.9,3.5,7.1,1.8,0.2,3.8,1.9,12.3
Matt Coleman,JR,2019-20,G,Texas,Big 12,28,934,124,287,83,184,41,103,54,67,23,63,86,99,38,2,65,60,343,33.4,4.4,10.3,3.0,6.6,1.5,3.7,1.9,2.4,0.8,2.3,3.1,3.5,1.4,0.1,2.3,2.1,12.3
Andrew Jones$and,SO,2019-20,G,Texas,Big 12,29,760,121,287,61,137,60,150,35,50,5,62,67,54,21,6,56,50,337,26.2,4.2,9.9,2.1,4.7,2.1,5.2,1.2,1.7,0.2,2.1,2.3,1.9,0.7,0.2,1.9,1.7,11.6
Courtney Ramey,SO,2019-20,G,Texas,Big 12,29,908,127,306,87,183,40,123,37,53,16,101,117,86,28,2,63,63,331,31.3,4.4,10.6,3.0,6.3,1.4,4.2,1.3,1.8,0.6,3.5,4.0,3.0,1.0,0.1,2.2,2.2,11.4
Jericho Sims,JR,2019-20,F,Texas,Big 12,24,654,102,155,102,155,0,0,29,49,69,127,196,19,10,29,36,67,233,27.3,4.3,6.5,4.3,6.5,0.0,0.0,1.2,2.0,2.9,5.3,8.2,0.8,0.4,1.2,1.5,2.8,9.7
Jase Febres,JR,2019-20,G,Texas,Big 12,23,701,70,187,15,40,55,147,21,26,13,43,56,21,13,11,23,47,216,30.5,3.0,8.1,0.7,1.7,2.4,6.4,0.9,1.1,0.6,1.9,2.4,0.9,0.6,0.5,1.0,2.0,9.4
Omer Yurtseven$omer-yurtseven-1,SR,2019-20,C,Georgetown,Big East,25,688,163,307,160,293,3,14,66,87,97,153,250,30,12,36,57,70,395,27.5,6.5,12.3,6.4,11.7,0.1,0.6,2.6,3.5,3.9,6.1,10.0,1.2,0.5,1.4,2.3,2.8,15.8
Mac McClung$matthew-mcclung-1,SO,2019-20,G,Georgetown,Big East,21,563,109,277,78,181,31,96,81,101,16,49,65,51,29,4,37,38,330,26.8,5.2,13.2,3.7,8.6,1.5,4.6,3.9,4.8,0.8,2.3,3.1,2.4,1.4,0.2,1.8,1.8,15.7
Jahvon Blair,JR,2019-20,G,Georgetown,Big East,28,699,96,252,40,92,56,160,50,58,15,66,81,47,18,0,34,31,298,25.0,3.4,9.0,1.4,3.3,2.0,5.7,1.8,2.1,0.5,2.4,2.9,1.7,0.6,0.0,1.2,1.1,10.6
Jamorko Pickett,JR,2019-20,G,Georgetown,Big East,29,872,98,261,67,175,31,86,50,66,55,130,185,28,19,25,60,55,277,30.1,3.4,9.0,2.3,6.0,1.1,3.0,1.7,2.3,1.9,4.5,6.4,1.0,0.7,0.9,2.1,1.9,9.6
Terrell Allen2,SR,2019-20,G,Georgetown,Big East,29,845,89,196,72,151,17,45,61,77,12,51,63,118,36,1,62,74,256,29.1,3.1,6.8,2.5,5.2,0.6,1.6,2.1,2.7,0.4,1.8,2.2,4.1,1.2,0.0,2.1,2.6,8.8
Jagan Mosely,SR,2019-20,G,Georgetown,Big East,29,1000,72,146,46,81,26,65,70,84,19,110,129,106,38,8,56,59,240,34.5,2.5,5.0,1.6,2.8,0.9,2.2,2.4,2.9,0.7,3.8,4.4,3.7,1.3,0.3,1.9,2.0,8.3
James Akinjo,SO,2019-20,G,Georgetown,Big East,7,215,30,89,22,56,8,33,26,32,4,17,21,31,14,0,16,12,94,30.7,4.3,12.7,3.1,8.0,1.1,4.7,3.7,4.6,0.6,2.4,3.0,4.4,2.0,0.0,2.3,1.7,13.4
Christian Vital,SR,2019-20,G,Connecticut,AAC,29,929,138,358,77,178,61,180,116,129,37,150,187,79,74,5,77,75,453,32.0,4.8,12.3,2.7,6.1,2.1,6.2,4.0,4.4,1.3,5.2,6.4,2.7,2.6,0.2,2.7,2.6,15.6
James Bouknight1,FR,2019-20,G,Connecticut,AAC,26,659,119,255,95,191,24,64,77,94,42,61,103,32,21,5,47,67,339,25.3,4.6,9.8,3.7,7.3,0.9,2.5,3.0,3.6,1.6,2.3,4.0,1.2,0.8,0.2,1.8,2.6,13.0
Alterique Gilbert,JR,2019-20,G,Connecticut,AAC,28,752,78,228,46,129,32,99,48,72,12,58,70,107,30,2,68,55,236,26.9,2.8,8.1,1.6,4.6,1.1,3.5,1.7,2.6,0.4,2.1,2.5,3.8,1.1,0.1,2.4,2.0,8.4
Josh Carlton,JR,2019-20,F,Connecticut,AAC,29,624,98,196,98,196,0,0,31,63,82,98,180,20,12,33,64,82,227,21.5,3.4,6.8,3.4,6.8,0.0,0.0,1.1,2.2,2.8,3.4,6.2,0.7,0.4,1.1,2.2,2.8,7.8
Brendan Adams,SO,2019-20,G,Connecticut,AAC,29,631,70,177,41,76,29,101,45,61,19,41,60,31,15,4,38,50,214,21.8,2.4,6.1,1.4,2.6,1.0,3.5,1.6,2.1,0.7,1.4,2.1,1.1,0.5,0.1,1.3,1.7,7.4
Akok Akok,FR,2019-20,F,Connecticut,AAC,25,701,57,138,45,92,12,46,19,32,33,105,138,11,9,66,25,40,145,28.0,2.3,5.5,1.8,3.7,0.5,1.8,0.8,1.3,1.3,4.2,5.5,0.4,0.4,2.6,1.0,1.6,5.8
Tyler Polley,JR,2019-20,F,Connecticut,AAC,15,378,45,108,15,34,30,74,23,29,19,29,48,9,6,8,5,25,143,25.2,3.0,7.2,1.0,2.3,2.0,4.9,1.5,1.9,1.3,1.9,3.2,0.6,0.4,0.5,0.3,1.7,9.5
Aamir Simms,JR,2019-20,F,Clemson,ACC,27,861,128,272,98,196,30,76,74,105,63,131,194,71,29,22,56,66,360,31.9,4.7,10.1,3.6,7.3,1.1,2.8,2.7,3.9,2.3,4.9,7.2,2.6,1.1,0.8,2.1,2.4,13.3
Tevin Mack,SR,2019-20,G,Clemson,ACC,28,791,132,288,91,145,41,143,34,56,27,124,151,27,30,17,34,59,339,28.3,4.7,10.3,3.3,5.2,1.5,5.1,1.2,2.0,1.0,4.4,5.4,1.0,1.1,0.6,1.2,2.1,12.1
John Newman III,SO,2019-20,G,Clemson,ACC,28,883,95,211,68,127,27,84,57,78,15,99,114,61,30,14,37,51,274,31.5,3.4,7.5,2.4,4.5,1.0,3.0,2.0,2.8,0.5,3.5,4.1,2.2,1.1,0.5,1.3,1.8,9.8
Al-Amir Dawes,FR,2019-20,G,Clemson,ACC,28,836,87,225,43,86,44,139,33,45,6,75,81,73,25,1,75,47,251,29.9,3.1,8.0,1.5,3.1,1.6,5.0,1.2,1.6,0.2,2.7,2.9,2.6,0.9,0.0,2.7,1.7,9.0
Curran Scott,SR,2019-20,G,Clemson,ACC,28,564,50,133,31,68,19,65,39,52,8,36,44,41,23,0,30,39,158,20.1,1.8,4.8,1.1,2.4,0.7,2.3,1.4,1.9,0.3,1.3,1.6,1.5,0.8,0.0,1.1,1.4,5.6
Clyde Trapp,JR,2019-20,G,Clemson,ACC,18,462,39,104,25,51,14,53,17,38,2,71,73,48,12,2,32,34,109,25.7,2.2,5.8,1.4,2.8,0.8,2.9,0.9,2.1,0.1,3.9,4.1,2.7,0.7,0.1,1.8,1.9,6.1
AJ Green,SO,2019-20,G,Northern Iowa,MVC,30,1043,196,465,108,242,88,223,111,121,6,85,91,89,21,0,89,44,591,34.8,6.5,15.5,3.6,8.1,2.9,7.4,3.7,4.0,0.2,2.8,3.0,3.0,0.7,0.0,3.0,1.5,19.7
Trae Berhow,JR,2019-20,G,Northern Iowa,MVC,30,993,134,265,64,110,70,155,51,61,28,141,169,28,19,4,35,52,389,33.1,4.5,8.8,2.1,3.7,2.3,5.2,1.7,2.0,0.9,4.7,5.6,0.9,0.6,0.1,1.2,1.7,13.0
Austin Phyfe,SO,2019-20,F,Northern Iowa,MVC,30,809,143,210,143,210,0,0,51,83,98,150,248,65,15,26,52,91,337,27.0,4.8,7.0,4.8,7.0,0.0,0.0,1.7,2.8,3.3,5.0,8.3,2.2,0.5,0.9,1.7,3.0,11.2
Isaiah Brown,SR,2019-20,G,Northern Iowa,MVC,30,984,102,226,64,130,38,96,33,48,19,102,121,70,28,12,45,66,275,32.8,3.4,7.5,2.1,4.3,1.3,3.2,1.1,1.6,0.6,3.4,4.0,2.3,0.9,0.4,1.5,2.2,9.2
Spencer Haldeman,SR,2019-20,G,Northern Iowa,MVC,28,848,81,195,26,58,55,137,34,40,6,99,105,42,19,2,41,60,251,30.3,2.9,7.0,0.9,2.1,2.0,4.9,1.2,1.4,0.2,3.5,3.8,1.5,0.7,0.1,1.5,2.1,9.0
LJ Figueroa,JR,2019-20,G,St. John's (NY),Big East,29,822,147,392,83,215,64,177,61,90,29,107,136,62,58,17,42,86,419,28.3,5.1,13.5,2.9,7.4,2.2,6.1,2.1,3.1,1.0,3.7,4.7,2.1,2.0,0.6,1.4,3.0,14.4
Rasheem Dunn,JR,2019-20,G,St. John's (NY),Big East,26,747,110,284,93,210,17,74,96,126,16,82,98,94,27,0,54,41,333,28.7,4.2,10.9,3.6,8.1,0.7,2.8,3.7,4.8,0.6,3.2,3.8,3.6,1.0,0.0,2.1,1.6,12.8
Mustapha Heron,SR,2019-20,G,St. John's (NY),Big East,21,521,90,234,48,125,42,109,67,81,10,40,50,33,11,6,34,54,289,24.8,4.3,11.1,2.3,6.0,2.0,5.2,3.2,3.9,0.5,1.9,2.4,1.6,0.5,0.3,1.6,2.6,13.8
Julian Champagnie,FR,2019-20,G,St. John's (NY),Big East,29,728,103,230,85,166,18,64,43,55,47,137,184,22,35,23,33,46,267,25.1,3.6,7.9,2.9,5.7,0.6,2.2,1.5,1.9,1.6,4.7,6.3,0.8,1.2,0.8,1.1,1.6,9.2
Nick Rutherford,SR,2019-20,G,St. John's (NY),Big East,29,645,54,151,47,119,7,32,36,47,8,62,70,89,51,10,47,80,151,22.2,1.9,5.2,1.6,4.1,0.2,1.1,1.2,1.6,0.3,2.1,2.4,3.1,1.8,0.3,1.6,2.8,5.2
Greg Williams Jr.,SO,2019-20,G,St. John's (NY),Big East,28,627,51,130,32,77,19,53,23,36,15,62,77,52,34,8,29,45,144,22.4,1.8,4.6,1.1,2.8,0.7,1.9,0.8,1.3,0.5,2.2,2.8,1.9,1.2,0.3,1.0,1.6,5.1
Blake Francis,JR,2019-20,G,Richmond,A-10,23,752,139,335,77,165,62,170,63,80,13,36,49,47,26,0,47,39,403,32.7,6.0,14.6,3.3,7.2,2.7,7.4,2.7,3.5,0.6,1.6,2.1,2.0,1.1,0.0,2.0,1.7,17.5
Jacob Gilyard,JR,2019-20,G,Richmond,A-10,29,1056,127,265,71,117,56,148,71,88,11,80,91,158,91,4,54,47,381,36.4,4.4,9.1,2.4,4.0,1.9,5.1,2.4,3.0,0.4,2.8,3.1,5.4,3.1,0.1,1.9,1.6,13.1
Nick Sherod,JR,2019-20,G,Richmond,A-10,29,855,130,290,60,125,70,165,33,41,18,132,150,48,28,2,27,40,363,29.5,4.5,10.0,2.1,4.3,2.4,5.7,1.1,1.4,0.6,4.6,5.2,1.7,1.0,0.1,0.9,1.4,12.5
Grant Golden,JR,2019-20,F,Richmond,A-10,27,702,151,289,146,271,5,18,54,76,31,161,192,89,15,24,53,34,361,26.0,5.6,10.7,5.4,10.0,0.2,0.7,2.0,2.8,1.1,6.0,7.1,3.3,0.6,0.9,2.0,1.3,13.4
Nathan Cayo,JR,2019-20,F,Richmond,A-10,28,710,93,166,93,166,0,0,59,74,32,107,139,27,18,15,32,63,245,25.4,3.3,5.9,3.3,5.9,0.0,0.0,2.1,2.6,1.1,3.8,5.0,1.0,0.6,0.5,1.1,2.3,8.8
John Mooney,SR,2019-20,F,Notre Dame,ACC,28,919,186,400,158,304,28,96,71,113,105,253,358,51,33,19,35,54,471,32.8,6.6,14.3,5.6,10.9,1.0,3.4,2.5,4.0,3.8,9.0,12.8,1.8,1.2,0.7,1.3,1.9,16.8
T.J. Gibbs,SR,2019-20,G,Notre Dame,ACC,29,1008,129,308,59,144,70,164,55,62,16,48,64,94,30,1,32,57,383,34.8,4.4,10.6,2.0,5.0,2.4,5.7,1.9,2.1,0.6,1.7,2.2,3.2,1.0,0.0,1.1,2.0,13.2
Prentiss Hubb,SO,2019-20,G,Notre Dame,ACC,29,1017,122,325,56,126,66,199,33,46,20,53,73,141,26,3,75,46,343,35.1,4.2,11.2,1.9,4.3,2.3,6.9,1.1,1.6,0.7,1.8,2.5,4.9,0.9,0.1,2.6,1.6,11.8
Dane Goodwin,SO,2019-20,G,Notre Dame,ACC,29,746,108,253,61,130,47,123,40,49,24,80,104,35,11,5,23,33,303,25.7,3.7,8.7,2.1,4.5,1.6,4.2,1.4,1.7,0.8,2.8,3.6,1.2,0.4,0.2,0.8,1.1,10.4
Nate Laszewski,SO,2019-20,F,Notre Dame,ACC,29,608,72,177,36,58,36,119,38,51,22,114,136,15,6,10,15,40,218,21.0,2.5,6.1,1.2,2.0,1.2,4.1,1.3,1.8,0.8,3.9,4.7,0.5,0.2,0.3,0.5,1.4,7.5
Rex Pflueger,SR,2019-20,G,Notre Dame,ACC,28,762,46,139,17,52,29,87,24,33,23,72,95,100,40,8,43,49,145,27.2,1.6,5.0,0.6,1.9,1.0,3.1,0.9,1.2,0.8,2.6,3.4,3.6,1.4,0.3,1.5,1.8,5.2
A.J. Lawson,SO,2019-20,G,South Carolina,SEC,29,841,130,311,75,151,55,160,81,114,14,91,105,55,33,4,58,63,396,29.0,4.5,10.7,2.6,5.2,1.9,5.5,2.8,3.9,0.5,3.1,3.6,1.9,1.1,0.1,2.0,2.2,13.7
Jermaine Cousinard,SO,2019-20,G,South Carolina,SEC,28,724,114,291,80,177,34,114,80,119,21,57,78,84,22,4,64,77,342,25.9,4.1,10.4,2.9,6.3,1.2,4.1,2.9,4.3,0.8,2.0,2.8,3.0,0.8,0.1,2.3,2.8,12.2
Maik Kotsar,SR,2019-20,F,South Carolina,SEC,29,875,132,259,132,258,0,1,56,82,59,129,188,64,44,32,43,87,320,30.2,4.6,8.9,4.6,8.9,0.0,0.0,1.9,2.8,2.0,4.4,6.5,2.2,1.5,1.1,1.5,3.0,11.0
Jair Bolden,SR,2019-20,G,South Carolina,SEC,28,603,90,215,45,107,45,108,21,30,6,64,70,39,24,3,22,49,246,21.5,3.2,7.7,1.6,3.8,1.6,3.9,0.8,1.1,0.2,2.3,2.5,1.4,0.9,0.1,0.8,1.8,8.8
Keyshawn Bryant,SO,2019-20,F,South Carolina,SEC,20,422,68,151,67,136,1,15,38,58,24,58,82,28,17,14,40,60,175,21.1,3.4,7.6,3.4,6.8,0.1,0.8,1.9,2.9,1.2,2.9,4.1,1.4,0.9,0.7,2.0,3.0,8.8
Justin Minaya,JR,2019-20,F,South Carolina,SEC,21,638,56,141,37,69,19,72,33,51,40,88,128,45,13,19,18,44,164,30.4,2.7,6.7,1.8,3.3,0.9,3.4,1.6,2.4,1.9,4.2,6.1,2.1,0.6,0.9,0.9,2.1,7.8
Marcus Santos-Silva,JR,2019-20,F,Virginia Commonwealth,A-10,29,784,147,262,147,262,0,0,67,124,86,178,264,26,31,36,52,81,361,27.0,5.1,9.0,5.1,9.0,0.0,0.0,2.3,4.3,3.0,6.1,9.1,0.9,1.1,1.2,1.8,2.8,12.4
De'Riante Jenkins,SR,2019-20,G,Virginia Commonwealth,A-10,28,751,99,250,60,133,39,117,63,72,23,94,117,56,53,9,37,49,300,26.8,3.5,8.9,2.1,4.8,1.4,4.2,2.3,2.6,0.8,3.4,4.2,2.0,1.9,0.3,1.3,1.8,10.7
Marcus Evans,SR,2019-20,G,Virginia Commonwealth,A-10,24,571,65,176,33,91,32,85,76,101,12,33,45,69,35,2,64,68,238,23.8,2.7,7.3,1.4,3.8,1.3,3.5,3.2,4.2,0.5,1.4,1.9,2.9,1.5,0.1,2.7,2.8,9.9
Issac Vann,SR,2019-20,F,Virginia Commonwealth,A-10,29,698,73,184,53,124,20,60,42,54,14,44,58,53,34,9,38,55,208,24.1,2.5,6.3,1.8,4.3,0.7,2.1,1.4,1.9,0.5,1.5,2.0,1.8,1.2,0.3,1.3,1.9,7.2
Mike'l Simms,SR,2019-20,G,Virginia Commonwealth,A-10,29,652,59,165,26,63,33,102,26,30,22,70,92,29,21,4,22,31,177,22.5,2.0,5.7,0.9,2.2,1.1,3.5,0.9,1.0,0.8,2.4,3.2,1.0,0.7,0.1,0.8,1.1,6.1
Fatts Russell,JR,2019-20,G,Rhode Island,A-10,28,996,175,439,116,279,59,160,136,165,17,77,94,129,84,6,63,81,545,35.6,6.3,15.7,4.1,10.0,2.1,5.7,4.9,5.9,0.6,2.8,3.4,4.6,3.0,0.2,2.3,2.9,19.5
Jeff Dowtin,SR,2019-20,G,Rhode Island,A-10,27,956,135,312,105,221,30,91,77,98,18,79,97,86,36,8,32,35,377,35.4,5.0,11.6,3.9,8.2,1.1,3.4,2.9,3.6,0.7,2.9,3.6,3.2,1.3,0.3,1.2,1.3,14.0
Tyrese Martin,SO,2019-20,G,Rhode Island,A-10,28,953,141,317,100,193,41,124,42,60,56,140,196,32,32,8,57,67,365,34.0,5.0,11.3,3.6,6.9,1.5,4.4,1.5,2.1,2.0,5.0,7.0,1.1,1.1,0.3,2.0,2.4,13.0
Cyril Langevine,SR,2019-20,F,Rhode Island,A-10,27,844,103,222,102,220,1,2,69,138,99,182,281,50,30,54,67,72,276,31.3,3.8,8.2,3.8,8.1,0.0,0.1,2.6,5.1,3.7,6.7,10.4,1.9,1.1,2.0,2.5,2.7,10.2
Michael Devoe-1,SO,2019-20,G,Georgia Tech,ACC,26,916,146,310,98,195,48,115,75,101,11,92,103,92,31,2,84,62,415,35.2,5.6,11.9,3.8,7.5,1.8,4.4,2.9,3.9,0.4,3.5,4.0,3.5,1.2,0.1,3.2,2.4,16.0
Moses Wright,JR,2019-20,F,Georgia Tech,ACC,29,890,164,307,157,278,7,29,53,88,53,154,207,24,18,34,79,91,388,30.7,5.7,10.6,5.4,9.6,0.2,1.0,1.8,3.0,1.8,5.3,7.1,0.8,0.6,1.2,2.7,3.1,13.4
Jose Alvarado,JR,2019-20,G,Georgia Tech,ACC,22,734,108,243,70,129,38,114,55,70,8,64,72,90,48,1,56,61,309,33.4,4.9,11.0,3.2,5.9,1.7,5.2,2.5,3.2,0.4,2.9,3.3,4.1,2.2,0.0,2.5,2.8,14.0
James Banks III,SR,2019-20,F,Georgia Tech,ACC,29,855,103,193,103,192,0,1,78,124,82,134,216,29,26,69,58,104,284,29.5,3.6,6.7,3.6,6.6,0.0,0.0,2.7,4.3,2.8,4.6,7.4,1.0,0.9,2.4,2.0,3.6,9.8
Jordan Usher,JR,2019-20,G,Georgia Tech,ACC,21,549,62,155,55,116,7,39,36,48,14,75,89,44,16,5,55,55,167,26.1,3.0,7.4,2.6,5.5,0.3,1.9,1.7,2.3,0.7,3.6,4.2,2.1,0.8,0.2,2.6,2.6,8.0
Bubba Parham,JR,2019-20,G,Georgia Tech,ACC,29,793,53,148,27,63,26,85,24,28,12,63,75,52,24,1,39,84,156,27.3,1.8,5.1,0.9,2.2,0.9,2.9,0.8,1.0,0.4,2.2,2.6,1.8,0.8,0.0,1.3,2.9,5.4